phylter-k020	700	800	238	262	0.25	1	T77	T63	22
phylter-k020	748	752	247	253	0.25	1	T10	T30	10
phylter-k020	0	1900	0	100	0.05	1	T88	T120	12
phylter-k020	754	1146	39	61	0.05	1	T114	T140	37
phylter-k020	812	988	88	112	0.1	2	T118	T78	17
phylter-k020	668	1032	101	199	0.15	1	T119	T198	9
phylter-k020	854	1046	31	69	0.05	2	T8	T13	35
phylter-k020	742	760	227	271	0.25	3	T54	T121	30
phylter-k020	729	771	258	242	0.25	4	T137	T3	18
phylter-k020	0	1400	0	600	0.3	3	T115	T44	46
phylter-k020	779	921	162	138	0.15	1	T148	T130	43
phylter-k020	0	1600	0	400	0.2	1	T100	T97	31
phylter-k020	761	839	208	192	0.2	2	T200	T123	30
phylter-k020	0	1400	0	600	0.3	2	T90	T10	24
phylter-k020	1	1799	0	200	0.1	1	T151	T134	24
phylter-k020	949	951	46	54	0.05	1	T193	T127	10
phylter-k020	804	797	191	208	0.2	3	T102	T113	10
phylter-k020	887	1014	56	43	0.05	3	T106	T158	8
phylter-k020	848	954	93	105	0.1	3	T50	T138	21
phylter-k020	664	836	240	260	0.25	4	T105	T136	49
phylter-k020	3	1598	0	399	0.2	3	T181	T9	36
phylter-k020	677	723	264	336	0.3	2	T106	T158	43
phylter-k020	1	1699	0	300	0.15	1	T113	T29	36
phylter-k020	2	1698	0	300	0.15	1	T166	T34	28
phylter-k020	0	1802	0	198	0.1	3	T46	T167	27
phylter-k020	791	809	205	195	0.2	1	T51	T91	47
phylter-k020	0	1400	0	600	0.3	4	T85	T19	44
phylter-k020	0	1900	0	100	0.05	1	T52	T29	6
phylter-k020	0	1400	0	600	0.3	1	T24	T115	23
phylter-k020	781	819	160	240	0.2	1	T137	T102	43
phylter-k020	0	1901	0	99	0.05	3	T144	T28	44
phylter-k020	929	971	66	34	0.05	2	T71	T37	10
phylter-k020	0	1600	0	400	0.2	2	T141	T66	42
phylter-k020	0	1500	0	500	0.25	1	T107	T17	29
phylter-k020	0	1502	0	498	0.25	3	T133	T140	7
phylter-k020	0	1700	0	300	0.15	1	T84	T104	46
phylter-k020	0	1800	0	200	0.1	2	T124	T144	29
phylter-k020	711	1189	54	46	0.05	2	T185	T6	9
phylter-k020	1	1399	1	599	0.3	2	T108	T86	6
phylter-k020	823	977	87	113	0.1	1	T15	T112	17
phylter-k020	1	1799	0	200	0.1	1	T48	T185	32
phylter-k020	799	801	185	215	0.2	1	T37	T28	11
phylter-k020	0	1600	0	400	0.2	1	T114	T152	3
phylter-k020	787	913	154	146	0.15	2	T137	T102	43
phylter-k020	820	880	119	181	0.15	1	T58	T103	21
phylter-k020	0	1600	0	400	0.2	1	T96	T167	14
phylter-k020	0	1800	0	200	0.1	2	T116	T22	3
phylter-k020	734	866	207	193	0.2	1	T7	T68	41
phylter-k020	680	820	164	336	0.25	1	T14	T180	4
phylter-k020	783	1017	101	99	0.1	1	T20	T124	35
phylter-k020	0	1800	0	200	0.1	4	T133	T140	7
phylter-k020	0	1400	0	600	0.3	2	T192	T68	26
phylter-k020	770	831	171	228	0.2	3	T148	T130	43
phylter-k020	0	1400	0	600	0.3	2	T165	T132	7
phylter-k020	834	866	100	200	0.15	1	T175	T194	41
phylter-k020	0	1700	1	299	0.15	4	T54	T88	28
phylter-k020	822	978	95	105	0.1	1	T115	T171	15
phylter-k020	909	991	60	40	0.05	1	T168	T147	30
phylter-k020	647	753	283	317	0.3	1	T107	T198	19
phylter-k020	605	1095	132	168	0.15	3	T149	T49	21
phylter-k020	0	1800	0	200	0.1	2	T19	T7	25
phylter-k020	686	814	254	246	0.25	1	T12	T60	34
phylter-k020	1	1599	0	400	0.2	1	T29	T116	20
phylter-k020	879	921	112	88	0.1	2	T13	T7	47
phylter-k020	742	858	189	211	0.2	1	T194	T41	19
phylter-k020	838	1062	47	53	0.05	2	T177	T124	35
phylter-k020	859	941	82	118	0.1	1	T137	T102	43
phylter-k020	0	1600	0	400	0.2	1	T91	T196	20
phylter-k020	0	1700	0	300	0.15	1	T85	T31	25
phylter-k020	907	993	40	60	0.05	1	T90	T80	40
phylter-k020	0	1502	0	498	0.25	3	T57	T86	32
phylter-k020	763	838	165	234	0.2	3	T137	T106	1
phylter-k020	0	1900	0	100	0.05	2	T85	T19	44
phylter-k020	0	1600	0	400	0.2	2	T59	T136	28
phylter-k020	570	930	201	299	0.25	1	T185	T6	9
phylter-k020	718	682	268	332	0.3	1	T111	T137	11
phylter-k020	0	1900	0	100	0.05	1	T136	T54	24
phylter-k020	691	811	242	256	0.25	3	T64	T181	41
phylter-k020	726	974	120	180	0.15	2	T150	T36	4
phylter-k020	775	825	215	185	0.2	2	T83	T62	47
phylter-k020	616	784	305	295	0.3	2	T16	T97	15
phylter-k020	678	1022	113	187	0.15	1	T30	T47	37
phylter-k020	0	1400	0	600	0.3	3	T131	T67	38
phylter-k020	0	1500	0	500	0.25	2	T8	T54	38
phylter-k020	741	860	199	200	0.2	3	T12	T60	34
phylter-k020	0	1500	0	500	0.25	2	T68	T111	6
phylter-k020	0	1400	0	600	0.3	1	T172	T111	6
phylter-k020	737	863	197	203	0.2	1	T84	T13	33
phylter-k020	0	1500	0	500	0.25	1	T17	T197	5
phylter-k020	775	925	163	137	0.15	1	T15	T6	22
phylter-k020	725	777	217	281	0.25	3	T169	T170	2
phylter-k020	666	734	268	332	0.3	3	T157	T124	33
phylter-k020	715	886	171	228	0.2	3	T143	T121	35
phylter-k020	695	805	253	247	0.25	1	T198	T102	40
phylter-k020	0	1800	0	200	0.1	1	T136	T196	28
phylter-k020	878	1022	63	37	0.05	1	T139	T102	21
phylter-k020	887	1014	55	44	0.05	3	T7	T68	41
phylter-k020	625	775	314	286	0.3	3	T68	T170	41
phylter-k020	751	850	189	210	0.2	3	T137	T116	39
phylter-k020	0	1800	0	200	0.1	1	T85	T79	31
phylter-k020	661	739	244	356	0.3	2	T184	T30	49
phylter-k020	0	1500	0	500	0.25	2	T136	T110	31
phylter-k020	0	1700	0	300	0.15	1	T103	T130	27
phylter-k020	0	1900	0	100	0.05	1	T51	T152	38
phylter-k020	806	894	135	165	0.15	2	T98	T22	41
phylter-k020	575	927	216	282	0.25	3	T30	T47	37
phylter-k020	851	949	87	113	0.1	2	T41	T66	22
phylter-k020	0	1901	0	99	0.05	3	T148	T86	25
phylter-k020	671	1129	73	127	0.1	1	T157	T198	11
phylter-k020	852	848	116	184	0.15	1	T1	T117	30
phylter-k020	883	1018	47	52	0.05	3	T69	T33	19
phylter-k020	0	1600	0	400	0.2	2	T63	T46	7
phylter-k020	0	1900	0	100	0.05	2	T176	T152	48
phylter-k020	1	1900	0	99	0.05	3	T138	T99	25
phylter-k020	0	1600	0	400	0.2	1	T57	T44	14
phylter-k020	614	886	232	268	0.25	1	T167	T106	4
phylter-k020	756	844	185	215	0.2	1	T24	T150	34
phylter-k020	882	1019	48	51	0.05	3	T88	T180	19
phylter-k020	0	1600	0	400	0.2	1	T125	T168	16
phylter-k020	0	1800	0	200	0.1	1	T140	T110	20
phylter-k020	783	917	156	144	0.15	1	T83	T138	39
phylter-k020	0	1700	0	300	0.15	1	T57	T44	14
phylter-k020	655	745	314	286	0.3	1	T1	T117	30
phylter-k020	903	998	40	59	0.05	3	T58	T103	21
phylter-k020	755	846	169	230	0.2	3	T125	T64	1
phylter-k020	871	829	124	176	0.15	1	T50	T148	10
phylter-k020	837	963	107	93	0.1	1	T110	T26	2
phylter-k020	878	1022	53	47	0.05	1	T194	T41	19
phylter-k020	1	1399	0	600	0.3	3	T31	T191	25
phylter-k020	1	1599	0	400	0.2	2	T197	T36	24
phylter-k020	0	1800	0	200	0.1	1	T69	T86	27
phylter-k020	544	856	241	359	0.3	3	T43	T112	41
phylter-k020	0	1700	0	300	0.15	1	T140	T194	48
phylter-k020	0	1600	0	400	0.2	1	T118	T135	12
phylter-k020	887	1013	57	43	0.05	2	T110	T26	2
phylter-k020	814	886	134	166	0.15	1	T73	T127	40
phylter-k020	0	1901	0	99	0.05	3	T109	T71	42
phylter-k020	860	940	86	114	0.1	2	T106	T158	8
phylter-k020	856	1044	48	52	0.05	2	T184	T30	49
phylter-k020	0	1700	0	300	0.15	3	T120	T43	50
phylter-k020	2	1898	0	100	0.05	2	T144	T195	28
phylter-k020	906	994	34	66	0.05	2	T14	T40	34
phylter-k020	0	1400	0	600	0.3	1	T144	T28	44
phylter-k020	808	992	102	98	0.1	2	T142	T10	17
phylter-k020	0	1400	0	600	0.3	3	T12	T36	3
phylter-k020	661	739	280	320	0.3	2	T24	T150	34
phylter-k020	785	915	145	155	0.15	3	T69	T33	19
phylter-k020	0	1601	0	399	0.2	3	T145	T172	44
phylter-k020	709	793	235	263	0.25	3	T132	T99	2
phylter-k020	731	869	207	193	0.2	1	T41	T66	22
phylter-k020	0	1900	0	100	0.05	1	T85	T79	31
phylter-k020	0	1802	0	198	0.1	3	T86	T61	13
phylter-k020	0	1700	0	300	0.15	1	T62	T40	20
phylter-k020	791	809	196	204	0.2	2	T175	T81	18
phylter-k020	547	953	224	276	0.25	2	T16	T49	9
phylter-k020	928	973	41	58	0.05	3	T166	T177	30
phylter-k020	919	883	72	126	0.1	3	T78	T150	47
phylter-k020	0	1700	0	300	0.15	4	T125	T168	16
phylter-k020	638	864	209	289	0.25	3	T3	T68	4
phylter-k020	0	1502	0	498	0.25	3	T22	T11	29
phylter-k020	0	1500	0	500	0.25	2	T140	T102	6
phylter-k020	817	983	97	103	0.1	4	T70	T7	17
phylter-k020	0	1400	0	600	0.3	1	T69	T86	27
phylter-k020	882	1018	62	38	0.05	2	T171	T4	2
phylter-k020	0	1400	0	600	0.3	1	T86	T61	13
phylter-k020	893	907	102	98	0.1	1	T14	T148	10
phylter-k020	0	1700	0	300	0.15	4	T87	T18	29
phylter-k020	0	1500	0	500	0.25	2	T99	T180	26
phylter-k020	663	837	223	277	0.25	2	T8	T13	35
phylter-k020	0	1600	0	400	0.2	2	T38	T181	50
phylter-k020	0	1901	0	99	0.05	3	T15	T102	14
phylter-k020	0	1900	0	100	0.05	1	T170	T90	12
phylter-k020	0	1900	0	100	0.05	1	T112	T147	23
phylter-k020	0	1800	0	200	0.1	2	T72	T119	16
phylter-k020	781	819	156	244	0.2	2	T4	T5	22
phylter-k020	638	762	266	334	0.3	3	T92	T64	49
phylter-k020	0	1400	0	600	0.3	2	T84	T14	45
phylter-k020	649	951	197	203	0.2	1	T14	T180	4
phylter-k020	873	1027	37	63	0.05	1	T15	T112	17
phylter-k020	0	1600	0	400	0.2	2	T88	T120	12
phylter-k020	584	916	180	320	0.25	1	T138	T132	9
phylter-k020	622	778	264	336	0.3	2	T177	T124	35
phylter-k020	0	1400	0	600	0.3	2	T52	T29	6
phylter-k020	0	1700	0	300	0.15	4	T117	T95	31
phylter-k020	0	1900	0	100	0.05	1	T20	T82	6
phylter-k020	0	1700	0	300	0.15	1	T27	T24	14
phylter-k020	783	917	158	142	0.15	4	T89	T124	21
phylter-k020	760	940	141	159	0.15	3	T55	T68	17
phylter-k020	850	850	141	159	0.15	2	T198	T101	10
phylter-k020	0	1500	0	500	0.25	1	T24	T115	23
phylter-k020	666	734	274	326	0.3	2	T12	T60	34
phylter-k020	0	1600	0	400	0.2	2	T62	T40	20
phylter-k020	0	1500	0	500	0.25	2	T112	T147	23
phylter-k020	784	916	150	150	0.15	1	T18	T5	33
phylter-k020	0	1800	0	200	0.1	2	T87	T186	16
phylter-k020	0	1900	0	100	0.05	2	T117	T71	5
phylter-k020	1	1599	0	400	0.2	2	T129	T108	48
phylter-k020	0	1600	0	400	0.2	2	T27	T24	14
phylter-k020	0	1400	0	600	0.3	5	T170	T91	13
phylter-k020	0	1400	0	600	0.3	1	T177	T109	13
phylter-k020	704	996	142	158	0.15	3	T80	T81	4
phylter-k020	799	901	141	159	0.15	2	T137	T116	39
phylter-k020	0	1900	0	100	0.05	2	T9	T123	27
phylter-k020	898	902	97	103	0.1	1	T23	T171	10
phylter-k020	639	761	265	335	0.3	3	T113	T15	49
phylter-k020	664	736	279	321	0.3	1	T6	T112	2
phylter-k020	0	1400	0	600	0.3	1	T172	T69	45
phylter-k020	0	1900	0	100	0.05	2	T198	T61	3
phylter-k020	0	1700	0	300	0.15	2	T110	T158	12
phylter-k020	0	1600	0	400	0.2	2	T72	T119	16
phylter-k020	0	1400	0	600	0.3	1	T116	T22	3
phylter-k020	0	1500	0	500	0.25	2	T151	T134	24
phylter-k020	0	1700	0	300	0.15	1	T79	T172	45
phylter-k020	736	864	211	189	0.2	2	T136	T105	40
phylter-k020	0	1400	0	600	0.3	1	T100	T97	31
phylter-k020	892	1008	52	48	0.05	1	T159	T40	8
phylter-k020	0	1800	0	200	0.1	1	T192	T23	48
phylter-k020	0	1700	0	300	0.15	2	T171	T77	31
phylter-k020	0	1600	0	400	0.2	2	T20	T32	5
phylter-k020	820	980	101	99	0.1	2	T68	T97	15
phylter-k020	0	1900	0	100	0.05	1	T115	T44	46
phylter-k020	0	1400	0	600	0.3	3	T138	T147	38
phylter-k020	3	1897	0	100	0.05	2	T175	T76	36
phylter-k020	0	1800	0	200	0.1	2	T115	T44	46
phylter-k020	0	1500	0	500	0.25	1	T169	T200	24
phylter-k020	0	1600	0	400	0.2	2	T79	T172	45
phylter-k020	729	771	212	288	0.25	1	T126	T100	21
phylter-k020	0	1600	0	400	0.2	2	T140	T102	6
phylter-k020	0	1900	0	100	0.05	1	T62	T40	20
phylter-k020	1	1799	1	199	0.1	1	T175	T76	36
phylter-k020	0	1400	0	600	0.3	1	T171	T33	26
phylter-k020	660	740	289	311	0.3	2	T9	T124	40
phylter-k020	0	1400	0	600	0.3	2	T53	T175	44
phylter-k020	754	846	186	214	0.2	2	T2	T142	34
phylter-k020	0	1502	0	498	0.25	3	T120	T43	50
phylter-k020	855	945	85	115	0.1	2	T150	T171	2
phylter-k020	1	1899	0	100	0.05	2	T71	T144	20
phylter-k020	7	1795	0	198	0.1	3	T17	T198	23
phylter-k020	0	1400	0	600	0.3	1	T97	T32	13
phylter-k020	677	1023	114	186	0.15	1	T25	T44	37
phylter-k020	846	954	95	105	0.1	1	T70	T194	21
phylter-k020	807	1094	39	60	0.05	3	T80	T81	4
phylter-k020	922	978	47	53	0.05	4	T54	T121	30
phylter-k020	0	1500	0	500	0.25	1	T116	T22	3
phylter-k020	945	955	50	50	0.05	2	T109	T111	10
phylter-k020	701	699	294	306	0.3	4	T10	T30	10
phylter-k020	0	1800	0	200	0.1	2	T82	T155	42
phylter-k020	0	1800	0	200	0.1	2	T65	T142	20
phylter-k020	0	1500	0	500	0.25	1	T32	T188	26
phylter-k020	736	764	233	267	0.25	2	T166	T177	30
phylter-k020	0	1600	0	400	0.2	2	T9	T199	45
phylter-k020	0	1400	0	600	0.3	2	T139	T123	27
phylter-k020	612	989	159	240	0.2	3	T142	T118	9
phylter-k020	0	1500	0	500	0.25	2	T118	T48	32
phylter-k020	719	783	267	231	0.25	3	T157	T198	11
phylter-k020	1	1899	0	100	0.05	1	T171	T77	31
phylter-k020	865	835	126	174	0.15	1	T24	T36	47
phylter-k020	582	818	211	389	0.3	3	T1	T140	37
phylter-k020	0	1400	0	600	0.3	1	T187	T11	14
phylter-k020	827	973	110	90	0.1	2	T58	T103	21
phylter-k020	719	681	250	350	0.3	3	T54	T121	30
phylter-k020	0	1400	0	600	0.3	1	T81	T56	48
phylter-k020	657	743	294	306	0.3	1	T161	T158	8
phylter-k020	809	792	181	218	0.2	3	T14	T148	10
phylter-k020	0	1802	0	198	0.1	3	T18	T11	48
phylter-k020	0	1400	0	600	0.3	4	T20	T61	42
phylter-k020	0	1400	0	600	0.3	2	T14	T127	12
phylter-k020	0	1700	0	300	0.15	1	T82	T190	6
phylter-k020	0	1400	0	600	0.3	2	T136	T196	28
phylter-k020	835	967	106	92	0.1	3	T130	T52	43
phylter-k020	0	1600	0	400	0.2	2	T109	T76	36
phylter-k020	0	1901	0	99	0.05	3	T117	T95	31
phylter-k020	848	952	95	105	0.1	5	T149	T49	21
phylter-k020	799	801	187	213	0.2	2	T108	T137	11
phylter-k020	0	1500	0	500	0.25	4	T43	T21	25
phylter-k020	3	1397	0	600	0.3	2	T25	T56	7
phylter-k020	0	1400	0	600	0.3	1	T105	T80	27
phylter-k020	776	824	161	239	0.2	2	T175	T194	41
phylter-k020	813	787	177	223	0.2	2	T24	T36	47
phylter-k020	1	1801	0	198	0.1	3	T171	T77	31
phylter-k020	0	1802	0	198	0.1	3	T16	T115	32
phylter-k020	699	803	209	289	0.25	3	T70	T7	17
phylter-k020	856	1045	44	55	0.05	3	T70	T7	17
phylter-k020	754	846	186	214	0.2	1	T195	T176	34
phylter-k020	0	1400	0	600	0.3	1	T50	T1	14
phylter-k020	738	962	108	192	0.15	2	T14	T180	4
phylter-k020	0	1800	0	200	0.1	1	T132	T61	32
phylter-k020	871	929	98	102	0.1	1	T25	T128	30
phylter-k020	0	1600	0	400	0.2	2	T81	T56	48
phylter-k020	717	783	225	275	0.25	1	T126	T75	41
phylter-k020	819	881	165	135	0.15	2	T53	T162	11
phylter-k020	731	969	111	189	0.15	3	T135	T177	4
phylter-k020	839	961	108	92	0.1	2	T51	T110	40
phylter-k020	0	1800	0	200	0.1	2	T81	T56	48
phylter-k020	0	1500	0	500	0.25	2	T174	T115	28
phylter-k020	776	825	160	239	0.2	3	T159	T58	33
phylter-k020	708	892	177	223	0.2	1	T36	T83	35
phylter-k020	0	1700	0	300	0.15	1	T94	T180	29
phylter-k020	903	897	87	113	0.1	1	T24	T36	47
phylter-k020	651	949	140	260	0.2	1	T176	T46	37
phylter-k020	741	1159	50	50	0.05	2	T171	T24	37
phylter-k020	1	1699	0	300	0.15	4	T74	T152	48
phylter-k020	771	929	129	171	0.15	4	T142	T10	17
phylter-k020	760	840	167	233	0.2	1	T25	T57	1
phylter-k020	613	787	272	328	0.3	3	T128	T77	35
phylter-k020	0	1500	0	500	0.25	2	T30	T18	6
phylter-k020	625	1075	137	163	0.15	2	T179	T106	9
phylter-k020	687	813	260	240	0.25	4	T90	T80	40
phylter-k020	0	1601	0	399	0.2	3	T85	T8	46
phylter-k020	0	1800	0	200	0.1	2	T86	T33	50
phylter-k020	1	1899	0	100	0.05	2	T112	T100	36
phylter-k020	670	830	231	269	0.25	1	T101	T107	17
phylter-k020	0	1500	0	500	0.25	4	T125	T69	44
phylter-k020	721	1179	50	50	0.05	1	T142	T118	9
phylter-k020	830	970	109	91	0.1	4	T30	T103	41
phylter-k020	0	1800	0	200	0.1	2	T193	T33	50
phylter-k020	0	1600	0	400	0.2	2	T89	T145	50
phylter-k020	876	1024	55	45	0.05	1	T35	T184	19
phylter-k020	0	1901	0	99	0.05	3	T152	T81	13
phylter-k020	934	967	52	47	0.05	3	T129	T57	11
phylter-k020	0	1700	0	300	0.15	4	T24	T115	23
phylter-k020	832	968	102	98	0.1	4	T167	T124	33
phylter-k020	761	939	143	157	0.15	1	T170	T98	49
phylter-k020	811	889	173	127	0.15	3	T132	T170	11
phylter-k020	650	750	334	266	0.3	2	T114	T60	18
phylter-k020	624	776	303	297	0.3	1	T151	T102	1
phylter-k020	854	946	94	106	0.1	2	T117	T137	40
phylter-k020	1	1699	0	300	0.15	1	T98	T160	45
phylter-k020	680	920	166	234	0.2	1	T80	T81	4
phylter-k020	620	880	226	274	0.25	1	T150	T36	4
phylter-k020	637	763	267	333	0.3	5	T170	T98	49
phylter-k020	554	846	237	363	0.3	1	T25	T44	37
phylter-k020	774	726	212	288	0.25	1	T132	T170	11
phylter-k020	793	807	176	224	0.2	2	T54	T121	30
phylter-k020	0	1600	0	400	0.2	2	T84	T104	46
phylter-k020	0	1900	0	100	0.05	4	T16	T115	32
phylter-k020	0	1400	0	600	0.3	3	T192	T52	31
phylter-k020	665	735	263	337	0.3	2	T135	T161	1
phylter-k020	0	1600	0	400	0.2	2	T55	T172	45
phylter-k020	762	1139	29	70	0.05	3	T25	T44	37
phylter-k020	737	763	198	302	0.25	2	T85	T88	43
phylter-k020	0	1900	0	100	0.05	1	T124	T144	29
phylter-k020	602	798	336	264	0.3	3	T172	T49	22
phylter-k020	841	959	99	101	0.1	1	T126	T117	39
phylter-k020	0	1800	0	200	0.1	2	T134	T88	24
phylter-k020	902	898	88	112	0.1	1	T181	T21	47
phylter-k020	731	869	173	227	0.2	5	T7	T15	49
phylter-k020	772	928	149	151	0.15	2	T16	T97	15
phylter-k020	721	781	264	234	0.25	3	T72	T198	18
phylter-k020	0	1800	0	200	0.1	5	T153	T30	29
phylter-k020	0	1400	0	600	0.3	2	T145	T163	24
phylter-k020	0	1601	0	399	0.2	3	T33	T196	5
phylter-k020	0	1800	0	200	0.1	1	T194	T198	20
phylter-k020	0	1800	0	200	0.1	2	T111	T132	7
phylter-k020	613	787	272	328	0.3	2	T96	T40	35
phylter-k020	565	835	227	373	0.3	1	T127	T105	37
phylter-k020	0	1500	0	500	0.25	4	T19	T145	50
phylter-k020	0	1900	0	100	0.05	2	T18	T11	48
phylter-k020	673	727	301	299	0.3	1	T29	T13	18
phylter-k020	0	1600	0	400	0.2	4	T116	T22	3
phylter-k020	0	1700	0	300	0.15	2	T20	T61	42
phylter-k020	841	859	142	158	0.15	3	T188	T47	18
phylter-k020	0	1700	0	300	0.15	3	T151	T134	24
phylter-k020	0	1500	0	500	0.25	2	T177	T109	13
phylter-k020	0	1400	0	600	0.3	2	T65	T145	7
phylter-k020	844	956	85	115	0.1	2	T35	T184	19
phylter-k020	0	1600	0	400	0.2	1	T171	T33	26
phylter-k020	0	1502	0	498	0.25	3	T198	T61	3
phylter-k020	700	700	240	360	0.3	1	T185	T142	34
phylter-k020	0	1900	0	100	0.05	1	T9	T199	45
phylter-k020	786	914	153	147	0.15	1	T195	T176	34
phylter-k020	744	856	186	214	0.2	1	T35	T184	19
phylter-k020	0	1802	0	198	0.1	3	T58	T16	44
phylter-k020	0	1900	0	100	0.05	2	T141	T66	42
phylter-k020	0	1600	0	400	0.2	2	T176	T152	48
phylter-k020	658	844	227	271	0.25	3	T51	T80	35
phylter-k020	0	1900	0	100	0.05	2	T103	T190	12
phylter-k020	793	907	144	156	0.15	1	T30	T103	41
phylter-k020	662	738	288	312	0.3	3	T44	T69	39
phylter-k020	892	1009	42	57	0.05	3	T182	T200	33
phylter-k020	658	742	311	289	0.3	3	T193	T143	30
phylter-k020	850	1050	54	46	0.05	2	T170	T98	49
phylter-k020	0	1500	0	500	0.25	1	T87	T18	29
phylter-k020	642	758	299	301	0.3	4	T70	T194	21
phylter-k020	0	1700	0	300	0.15	2	T193	T33	50
phylter-k020	2	1698	0	300	0.15	1	T56	T141	20
phylter-k020	805	1096	41	58	0.05	3	T197	T176	4
phylter-k020	670	830	234	266	0.25	1	T56	T112	49
phylter-k020	0	1400	0	600	0.3	4	T86	T33	50
phylter-k020	878	924	91	107	0.1	3	T190	T7	30
phylter-k020	1	1599	0	400	0.2	1	T175	T76	36
phylter-k020	0	1500	0	500	0.25	2	T59	T136	28
phylter-k020	846	854	140	160	0.15	1	T108	T137	11
phylter-k020	0	1900	0	100	0.05	2	T39	T163	36
phylter-k020	0	1500	0	500	0.25	1	T184	T14	42
phylter-k020	732	868	208	192	0.2	5	T30	T103	41
phylter-k020	842	958	105	95	0.1	4	T136	T105	40
phylter-k020	787	913	154	146	0.15	2	T44	T69	39
phylter-k020	942	958	53	47	0.05	2	T198	T101	10
phylter-k020	602	798	244	356	0.3	2	T167	T106	4
phylter-k020	0	1600	0	400	0.2	2	T192	T68	26
phylter-k020	897	1003	41	59	0.05	2	T77	T63	22
phylter-k020	0	1600	0	400	0.2	1	T115	T44	46
phylter-k020	0	1900	0	100	0.05	1	T86	T33	50
phylter-k020	731	870	174	225	0.2	3	T184	T30	49
phylter-k020	0	1500	0	500	0.25	1	T193	T113	14
phylter-k020	742	858	233	167	0.2	4	T25	T128	30
phylter-k020	928	972	48	52	0.05	2	T125	T141	18
phylter-k020	2	1798	0	200	0.1	2	T76	T108	32
phylter-k020	810	890	129	171	0.15	1	T38	T134	34
phylter-k020	1	1499	2	498	0.25	1	T108	T86	6
phylter-k020	0	1400	0	600	0.3	4	T103	T130	27
phylter-k020	0	1500	0	500	0.25	1	T192	T52	31
phylter-k020	0	1700	0	300	0.15	2	T109	T71	42
phylter-k020	0	1900	0	100	0.05	1	T116	T22	3
phylter-k020	0	1700	0	300	0.15	2	T118	T90	50
phylter-k020	0	1400	0	600	0.3	2	T198	T61	3
phylter-k020	0	1802	0	198	0.1	3	T110	T158	12
phylter-k020	2	1498	2	498	0.25	1	T113	T29	36
phylter-k020	766	934	178	122	0.15	2	T110	T26	2
phylter-k020	714	786	230	270	0.25	2	T180	T192	2
phylter-k020	0	1600	0	400	0.2	1	T116	T9	13
phylter-k020	804	896	142	158	0.15	2	T198	T102	40
phylter-k020	902	998	39	61	0.05	1	T53	T158	43
phylter-k020	0	1700	1	299	0.15	2	T91	T196	20
phylter-k020	786	815	199	200	0.2	3	T72	T198	18
phylter-k020	602	798	319	281	0.3	2	T68	T97	15
phylter-k020	687	815	247	251	0.25	3	T157	T124	33
phylter-k020	0	1400	0	600	0.3	3	T118	T48	32
phylter-k020	0	1700	0	300	0.15	1	T114	T186	50
phylter-k020	0	1600	0	400	0.2	2	T182	T192	48
phylter-k020	693	807	234	266	0.25	4	T101	T55	1
phylter-k020	0	1901	0	99	0.05	3	T133	T115	24
phylter-k020	701	699	285	315	0.3	1	T72	T198	18
phylter-k020	674	726	264	336	0.3	3	T38	T134	34
phylter-k020	736	864	207	193	0.2	1	T167	T19	2
phylter-k020	732	868	211	189	0.2	1	T110	T26	2
phylter-k020	666	734	275	325	0.3	3	T37	T24	2
phylter-k020	700	800	236	264	0.25	1	T38	T46	33
phylter-k020	0	1700	0	300	0.15	2	T13	T87	5
phylter-k020	738	764	254	244	0.25	3	T94	T180	11
phylter-k020	0	1900	0	100	0.05	2	T46	T167	27
phylter-k020	856	1044	49	51	0.05	1	T181	T154	49
phylter-k020	731	1170	40	59	0.05	3	T2	T92	9
phylter-k020	0	1600	0	400	0.2	4	T74	T152	48
phylter-k020	0	1900	0	100	0.05	2	T7	T48	3
phylter-k020	0	1400	0	600	0.3	2	T170	T97	50
phylter-k020	715	885	212	188	0.2	1	T101	T55	1
phylter-k020	669	731	267	333	0.3	2	T20	T115	33
phylter-k020	675	1127	87	111	0.1	3	T130	T4	9
phylter-k020	725	1175	46	54	0.05	1	T179	T106	9
phylter-k020	0	1900	0	100	0.05	2	T129	T108	48
phylter-k020	671	729	269	331	0.3	1	T23	T195	39
phylter-k020	2	1798	0	200	0.1	1	T30	T18	6
phylter-k020	2	1798	0	200	0.1	1	T17	T197	5
phylter-k020	0	1500	0	500	0.25	1	T57	T196	42
phylter-k020	696	804	235	265	0.25	2	T126	T3	19
phylter-k020	0	1500	0	500	0.25	1	T152	T81	13
phylter-k020	0	1901	0	99	0.05	3	T29	T32	46
phylter-k020	791	909	94	206	0.15	2	T177	T124	35
phylter-k020	0	1900	0	100	0.05	1	T145	T197	7
phylter-k020	669	731	275	325	0.3	2	T132	T99	2
phylter-k020	0	1800	0	200	0.1	2	T145	T197	7
phylter-k020	0	1700	0	300	0.15	2	T197	T36	24
phylter-k020	0	1901	0	99	0.05	3	T192	T97	23
phylter-k020	674	726	317	283	0.3	1	T4	T127	47
phylter-k020	624	1076	117	183	0.15	1	T88	T49	21
phylter-k020	0	1700	0	300	0.15	1	T136	T196	28
phylter-k020	791	909	150	150	0.15	2	T70	T194	21
phylter-k020	0	1600	0	400	0.2	2	T154	T145	14
phylter-k020	789	811	180	220	0.2	2	T190	T7	30
phylter-k020	0	1500	0	500	0.25	1	T124	T144	29
phylter-k020	0	1700	0	300	0.15	2	T50	T1	14
phylter-k020	0	1802	0	198	0.1	3	T91	T196	20
phylter-k020	0	1502	0	498	0.25	3	T23	T61	3
phylter-k020	0	1802	0	198	0.1	3	T145	T172	44
phylter-k020	0	1502	0	498	0.25	3	T6	T94	32
phylter-k020	864	936	105	95	0.1	2	T54	T121	30
phylter-k020	774	826	164	236	0.2	2	T15	T6	22
phylter-k020	0	1800	0	200	0.1	1	T184	T189	26
phylter-k020	792	808	193	207	0.2	2	T73	T198	18
phylter-k020	0	1900	0	100	0.05	2	T86	T61	13
phylter-k020	0	1600	0	400	0.2	2	T24	T115	23
phylter-k020	779	821	160	240	0.2	1	T38	T134	34
phylter-k020	0	1900	0	100	0.05	1	T76	T133	38
phylter-k020	0	1400	0	600	0.3	4	T128	T160	5
phylter-k020	927	973	60	40	0.05	2	T173	T53	18
phylter-k020	783	917	152	148	0.15	4	T85	T88	43
phylter-k020	670	830	215	285	0.25	2	T36	T83	35
phylter-k020	0	1400	0	600	0.3	3	T97	T73	23
phylter-k020	874	1026	67	33	0.05	1	T137	T102	43
phylter-k020	0	1800	0	200	0.1	2	T118	T135	12
phylter-k020	753	847	216	184	0.2	1	T193	T143	30
phylter-k020	0	1500	0	500	0.25	1	T132	T33	5
phylter-k020	579	921	183	317	0.25	1	T130	T4	9
phylter-k020	0	1900	0	100	0.05	2	T19	T7	25
phylter-k020	0	1500	0	500	0.25	2	T86	T33	50
phylter-k020	900	1000	34	66	0.05	1	T82	T57	33
phylter-k020	0	1500	0	500	0.25	2	T85	T8	46
phylter-k020	0	1700	0	300	0.15	1	T18	T11	48
phylter-k020	0	1800	0	200	0.1	1	T60	T59	31
phylter-k020	0	1800	0	200	0.1	1	T72	T39	25
phylter-k020	0	1502	0	498	0.25	3	T145	T197	7
phylter-k020	640	760	273	327	0.3	2	T17	T127	17
phylter-k020	666	734	263	337	0.3	2	T178	T149	19
phylter-k020	0	1400	0	600	0.3	1	T72	T39	25
phylter-k020	766	734	232	268	0.25	1	T51	T91	47
phylter-k020	0	1600	0	400	0.2	2	T83	T45	29
phylter-k020	1	1799	0	200	0.1	1	T140	T102	6
phylter-k020	0	1500	0	500	0.25	1	T57	T44	14
phylter-k020	763	937	155	145	0.15	3	T64	T39	15
phylter-k020	901	999	44	56	0.05	2	T73	T127	40
phylter-k020	757	844	177	222	0.2	3	T18	T5	33
phylter-k020	0	1500	0	500	0.25	1	T151	T183	29
phylter-k020	4	1596	0	400	0.2	2	T112	T100	36
phylter-k020	1	1599	0	400	0.2	2	T48	T185	32
phylter-k020	0	1400	0	600	0.3	2	T184	T189	26
phylter-k020	0	1500	0	500	0.25	1	T41	T97	24
phylter-k020	0	1802	0	198	0.1	3	T54	T88	28
phylter-k020	663	737	302	298	0.3	1	T190	T7	30
phylter-k020	706	794	238	262	0.25	4	T171	T4	2
phylter-k020	0	1600	0	400	0.2	2	T138	T99	25
phylter-k020	0	1400	1	599	0.3	3	T140	T102	6
phylter-k020	0	1700	0	300	0.15	1	T20	T32	5
phylter-k020	753	847	188	212	0.2	5	T70	T194	21
phylter-k020	0	1600	0	400	0.2	1	T93	T77	36
phylter-k020	1	1699	0	300	0.15	1	T145	T32	13
phylter-k020	0	1802	0	198	0.1	3	T79	T172	45
phylter-k020	1	1499	0	500	0.25	2	T98	T160	45
phylter-k020	818	984	109	89	0.1	3	T151	T102	1
phylter-k020	1	1499	0	500	0.25	2	T25	T56	7
phylter-k020	694	706	301	299	0.3	2	T14	T148	10
phylter-k020	0	1400	0	600	0.3	2	T199	T109	26
phylter-k020	0	1502	0	498	0.25	3	T131	T67	38
phylter-k020	649	751	291	309	0.3	3	T197	T161	39
phylter-k020	874	1026	56	44	0.05	1	T107	T198	19
phylter-k020	728	872	172	228	0.2	1	T70	T7	17
phylter-k020	0	1700	0	300	0.15	2	T198	T127	38
phylter-k020	0	1600	0	400	0.2	4	T136	T110	31
phylter-k020	1	1499	0	500	0.25	1	T166	T34	28
phylter-k020	725	1175	39	61	0.05	2	T138	T132	9
phylter-k020	804	896	144	156	0.15	4	T127	T134	40
phylter-k020	615	785	271	329	0.3	2	T36	T83	35
phylter-k020	0	1600	0	400	0.2	1	T169	T25	5
phylter-k020	0	1600	0	400	0.2	1	T195	T75	23
phylter-k020	687	1113	104	96	0.1	2	T30	T47	37
phylter-k020	2	1698	0	300	0.15	3	T144	T195	28
phylter-k020	0	1800	0	200	0.1	4	T12	T59	23
phylter-k020	819	981	85	115	0.1	2	T56	T112	49
phylter-k020	0	1502	0	498	0.25	3	T47	T32	26
phylter-k020	657	1143	89	111	0.1	1	T74	T52	18
phylter-k020	1	1699	0	300	0.15	2	T153	T30	29
phylter-k020	750	850	188	212	0.2	1	T2	T60	39
phylter-k020	0	1400	0	600	0.3	2	T13	T161	23
phylter-k020	668	732	252	348	0.3	1	T182	T29	15
phylter-k020	814	986	71	129	0.1	1	T143	T121	35
phylter-k020	0	1600	0	400	0.2	1	T140	T110	20
phylter-k020	0	1700	0	300	0.15	3	T133	T115	24
phylter-k020	575	825	268	332	0.3	1	T3	T68	4
phylter-k020	694	706	301	299	0.3	1	T198	T101	10
phylter-k020	0	1601	0	399	0.2	3	T76	T133	38
phylter-k020	2	1598	1	399	0.2	4	T25	T56	7
phylter-k020	0	1400	0	600	0.3	2	T120	T43	50
phylter-k020	0	1500	0	500	0.25	2	T192	T160	44
phylter-k020	700	800	238	262	0.25	1	T23	T66	22
phylter-k020	834	966	103	97	0.1	2	T159	T119	22
phylter-k020	0	1700	0	300	0.15	1	T97	T32	13
phylter-k020	0	1500	0	500	0.25	1	T85	T31	25
phylter-k020	683	1217	32	68	0.05	2	T38	T134	34
phylter-k020	0	1800	0	200	0.1	1	T187	T11	14
phylter-k020	566	834	280	320	0.3	2	T150	T36	4
phylter-k020	666	934	180	220	0.2	1	T101	T126	4
phylter-k020	0	1600	0	400	0.2	1	T77	T87	27
phylter-k020	657	743	327	273	0.3	1	T129	T57	11
phylter-k020	0	1900	0	100	0.05	1	T138	T147	38
phylter-k020	750	850	185	215	0.2	2	T139	T88	43
phylter-k020	786	914	144	156	0.15	3	T194	T41	19
phylter-k020	733	867	175	225	0.2	4	T2	T58	17
phylter-k020	738	862	210	190	0.2	1	T198	T102	40
phylter-k020	761	839	223	177	0.2	5	T129	T57	11
phylter-k020	0	1400	0	600	0.3	2	T114	T186	50
phylter-k020	0	1900	0	100	0.05	1	T16	T190	42
phylter-k020	0	1700	0	300	0.15	3	T175	T76	36
phylter-k020	801	1100	45	54	0.05	3	T167	T106	4
phylter-k020	739	861	170	230	0.2	1	T142	T10	17
phylter-k020	0	1900	0	100	0.05	1	T199	T109	26
phylter-k020	766	1134	24	76	0.05	1	T175	T194	41
phylter-k020	0	1800	0	200	0.1	2	T140	T194	48
phylter-k020	624	776	261	339	0.3	1	T51	T80	35
phylter-k020	927	974	60	39	0.05	3	T114	T60	18
phylter-k020	926	974	60	40	0.05	2	T37	T28	11
phylter-k020	860	940	79	121	0.1	1	T88	T49	21
phylter-k020	699	801	239	261	0.25	1	T58	T103	21
phylter-k020	0	1502	0	498	0.25	3	T7	T19	26
phylter-k020	532	968	201	299	0.25	2	T188	T47	18
phylter-k020	0	1800	0	200	0.1	1	T138	T147	38
phylter-k020	0	1800	0	200	0.1	1	T2	T176	20
phylter-k020	2	1698	0	300	0.15	1	T158	T11	36
phylter-k020	0	1700	0	300	0.15	2	T82	T155	42
phylter-k020	0	1802	0	198	0.1	3	T174	T115	28
phylter-k020	0	1901	0	99	0.05	3	T184	T189	26
phylter-k020	0	1500	0	500	0.25	1	T50	T1	14
phylter-k020	833	967	81	119	0.1	1	T101	T107	17
phylter-k020	525	875	246	354	0.3	1	T16	T49	9
phylter-k020	780	820	211	189	0.2	1	T78	T150	47
phylter-k020	3	1697	3	297	0.15	3	T25	T56	7
phylter-k020	689	811	251	249	0.25	1	T197	T161	39
phylter-k020	0	1502	0	498	0.25	3	T139	T123	27
phylter-k020	0	1400	0	600	0.3	1	T57	T86	32
phylter-k020	595	1306	42	57	0.05	3	T57	T177	43
phylter-k020	2	1800	0	198	0.1	3	T20	T59	28
phylter-k020	773	927	165	135	0.15	2	T172	T49	22
phylter-k020	0	1800	0	200	0.1	1	T12	T36	3
phylter-k020	0	1900	0	100	0.05	1	T192	T23	48
phylter-k020	859	941	84	116	0.1	1	T161	T158	8
phylter-k020	1	1899	1	99	0.05	1	T20	T59	28
phylter-k020	0	1800	0	200	0.1	1	T38	T181	50
phylter-k020	757	943	128	172	0.15	2	T128	T77	35
phylter-k020	0	1700	0	300	0.15	2	T29	T187	29
phylter-k020	574	926	187	313	0.25	1	T119	T198	9
phylter-k020	0	1500	0	500	0.25	2	T117	T95	31
phylter-k020	748	952	137	163	0.15	2	T20	T124	35
phylter-k020	0	1601	0	399	0.2	3	T171	T77	31
phylter-k020	830	970	91	109	0.1	2	T64	T39	15
phylter-k020	0	1600	0	400	0.2	2	T139	T115	38
phylter-k020	809	891	132	168	0.15	2	T77	T112	41
phylter-k020	0	1600	0	400	0.2	2	T165	T132	7
phylter-k020	613	887	178	322	0.25	1	T127	T105	37
phylter-k020	0	1600	0	400	0.2	2	T117	T95	31
phylter-k020	0	1900	0	100	0.05	2	T194	T198	20
phylter-k020	884	916	111	89	0.1	2	T193	T127	10
phylter-k020	908	894	82	116	0.1	3	T4	T127	47
phylter-k020	3	1397	1	599	0.3	2	T146	T99	23
phylter-k020	0	1700	0	300	0.15	3	T7	T19	26
phylter-k020	717	1183	46	54	0.05	4	T173	T48	9
phylter-k020	581	819	208	392	0.3	1	T114	T140	37
phylter-k020	682	718	309	291	0.3	4	T13	T7	47
phylter-k020	714	986	132	168	0.15	3	T197	T176	4
phylter-k020	873	927	110	90	0.1	2	T72	T198	18
phylter-k020	908	892	87	113	0.1	4	T109	T111	10
phylter-k020	0	1500	0	500	0.25	2	T86	T61	13
phylter-k020	0	1900	0	100	0.05	4	T140	T194	48
phylter-k020	0	1601	0	399	0.2	3	T29	T187	29
phylter-k020	815	885	126	174	0.15	1	T2	T60	39
phylter-k020	828	872	141	159	0.15	1	T166	T177	30
phylter-k020	0	1700	0	300	0.15	2	T136	T110	31
phylter-k020	760	840	186	214	0.2	1	T108	T4	8
phylter-k020	889	913	95	103	0.1	3	T129	T57	11
phylter-k020	789	911	151	149	0.15	1	T106	T156	39
phylter-k020	2	1898	0	100	0.05	1	T27	T24	14
phylter-k020	0	1800	0	200	0.1	2	T47	T72	31
phylter-k020	659	941	187	213	0.2	2	T197	T176	4
phylter-k020	0	1900	0	100	0.05	2	T57	T86	32
phylter-k020	0	1800	0	200	0.1	1	T128	T160	5
phylter-k020	0	1700	0	300	0.15	2	T194	T198	20
phylter-k020	744	856	204	196	0.2	1	T73	T127	40
phylter-k020	0	1901	0	99	0.05	3	T130	T177	42
phylter-k020	0	1601	0	399	0.2	3	T34	T40	42
phylter-k020	655	745	287	313	0.3	2	T7	T68	41
phylter-k020	763	837	164	236	0.2	1	T151	T102	1
phylter-k020	5	1395	1	599	0.3	1	T70	T115	5
phylter-k020	664	736	272	328	0.3	2	T77	T112	41
phylter-k020	667	733	323	277	0.3	1	T96	T105	47
phylter-k020	0	1601	0	399	0.2	3	T86	T61	13
phylter-k020	724	876	161	239	0.2	2	T76	T57	35
phylter-k020	937	963	51	49	0.05	2	T73	T198	18
phylter-k020	0	1700	0	300	0.15	2	T172	T111	6
phylter-k020	0	1400	0	600	0.3	1	T41	T190	23
phylter-k020	615	785	288	312	0.3	2	T159	T8	49
phylter-k020	0	1700	0	300	0.15	3	T87	T186	16
phylter-k020	793	1007	92	108	0.1	1	T76	T57	35
phylter-k020	756	844	184	216	0.2	2	T126	T117	39
phylter-k020	0	1400	0	600	0.3	1	T67	T68	29
phylter-k020	0	1802	0	198	0.1	3	T41	T97	24
phylter-k020	1	1899	0	100	0.05	2	T118	T48	32
phylter-k020	856	944	87	113	0.1	5	T180	T192	2
phylter-k020	1	1699	0	300	0.15	2	T48	T185	32
phylter-k020	0	1400	0	600	0.3	1	T44	T178	12
phylter-k020	704	796	237	263	0.25	2	T195	T176	34
phylter-k020	841	1059	44	56	0.05	2	T36	T83	35
phylter-k020	0	1700	0	300	0.15	2	T58	T16	44
phylter-k020	0	1500	0	500	0.25	1	T146	T99	23
phylter-k020	0	1700	0	300	0.15	1	T19	T7	25
phylter-k020	897	903	87	113	0.1	2	T37	T28	11
phylter-k020	0	1901	0	99	0.05	3	T73	T179	46
phylter-k020	654	1046	111	189	0.15	1	T138	T132	9
phylter-k020	0	1900	0	100	0.05	2	T172	T69	45
phylter-k020	905	995	37	63	0.05	2	T88	T49	21
phylter-k020	872	928	68	132	0.1	1	T77	T112	41
phylter-k020	769	831	174	226	0.2	2	T6	T112	2
phylter-k020	0	1700	0	300	0.15	4	T100	T97	31
phylter-k020	706	794	244	256	0.25	2	T88	T49	21
phylter-k020	838	962	75	125	0.1	2	T17	T127	17
phylter-k020	564	836	202	398	0.3	3	T185	T6	9
phylter-k020	1	1799	0	200	0.1	2	T113	T29	36
phylter-k020	812	988	74	126	0.1	2	T30	T83	35
phylter-k020	884	1016	63	37	0.05	2	T117	T137	40
phylter-k020	744	758	225	273	0.25	3	T200	T123	30
phylter-k020	844	856	151	149	0.15	1	T102	T113	10
phylter-k020	0	1600	0	400	0.2	2	T191	T91	3
phylter-k020	813	1087	33	67	0.05	2	T135	T177	4
phylter-k020	909	991	32	68	0.05	2	T131	T102	21
phylter-k020	0	1600	0	400	0.2	2	T153	T30	29
phylter-k020	800	900	141	159	0.15	3	T131	T102	21
phylter-k020	795	805	196	204	0.2	1	T27	T15	47
phylter-k020	0	1500	0	500	0.25	1	T97	T32	13
phylter-k020	0	1800	0	200	0.1	1	T192	T160	44
phylter-k020	0	1700	0	300	0.15	2	T149	T105	31
phylter-k020	0	1500	0	500	0.25	2	T62	T40	20
phylter-k020	0	1500	0	500	0.25	2	T132	T61	32
phylter-k020	661	841	243	255	0.25	3	T118	T78	17
phylter-k020	0	1900	0	100	0.05	1	T63	T46	7
phylter-k020	0	1400	0	600	0.3	4	T129	T95	46
phylter-k020	759	841	188	212	0.2	2	T145	T94	8
phylter-k020	825	875	165	135	0.15	1	T181	T21	47
phylter-k020	742	758	242	258	0.25	2	T71	T144	11
phylter-k020	876	924	114	86	0.1	2	T27	T15	47
phylter-k020	741	859	200	200	0.2	2	T23	T195	39
phylter-k020	0	1400	0	600	0.3	5	T121	T93	5
phylter-k020	813	788	177	222	0.2	3	T50	T148	10
phylter-k020	0	1800	0	200	0.1	5	T131	T67	38
phylter-k020	678	822	263	237	0.25	2	T139	T88	43
phylter-k020	0	1600	0	400	0.2	1	T86	T133	46
phylter-k020	0	1500	0	500	0.25	2	T56	T28	28
phylter-k020	0	1900	0	100	0.05	2	T44	T178	12
phylter-k020	757	943	184	116	0.15	2	T7	T68	41
phylter-k020	0	1500	1	499	0.25	1	T18	T11	48
phylter-k020	0	1900	0	100	0.05	1	T48	T148	12
phylter-k020	733	767	262	238	0.25	4	T193	T127	10
phylter-k020	0	1700	0	300	0.15	2	T169	T25	5
phylter-k020	0	1800	0	200	0.1	1	T118	T48	32
phylter-k020	897	903	83	117	0.1	1	T114	T60	18
phylter-k020	699	801	235	265	0.25	1	T167	T124	33
phylter-k020	679	821	231	269	0.25	2	T15	T112	17
phylter-k020	823	977	115	85	0.1	1	T172	T49	22
phylter-k020	0	1500	0	500	0.25	1	T134	T88	24
phylter-k020	0	1901	0	99	0.05	3	T136	T110	31
phylter-k020	0	1500	0	500	0.25	2	T72	T138	44
phylter-k020	708	792	224	276	0.25	1	T33	T31	19
phylter-k020	0	1500	0	500	0.25	1	T13	T161	23
phylter-k020	0	1600	0	400	0.2	1	T85	T79	31
phylter-k020	0	1900	0	100	0.05	1	T19	T145	50
phylter-k020	664	937	129	270	0.2	3	T171	T24	37
phylter-k020	700	800	240	260	0.25	4	T24	T150	34
phylter-k020	0	1502	0	498	0.25	3	T144	T28	44
phylter-k020	634	766	271	329	0.3	5	T133	T156	49
phylter-k020	649	751	293	307	0.3	1	T69	T199	8
phylter-k020	0	1500	0	500	0.25	2	T98	T46	13
phylter-k020	715	785	232	268	0.25	2	T136	T105	40
phylter-k020	687	815	254	244	0.25	3	T130	T52	43
phylter-k020	676	724	258	342	0.3	3	T84	T13	33
phylter-k020	0	1700	0	300	0.15	1	T93	T77	36
phylter-k020	0	1600	0	400	0.2	1	T70	T151	14
phylter-k020	0	1901	0	99	0.05	3	T191	T198	16
phylter-k020	0	1500	0	500	0.25	1	T2	T176	20
phylter-k020	0	1600	0	400	0.2	1	T50	T1	14
phylter-k020	0	1500	0	500	0.25	2	T17	T198	23
phylter-k020	0	1500	0	500	0.25	1	T85	T19	44
phylter-k020	1	1499	0	500	0.25	2	T128	T160	5
phylter-k020	0	1700	0	300	0.15	5	T192	T52	31
phylter-k020	0	1600	0	400	0.2	1	T144	T46	7
phylter-k020	651	749	278	322	0.3	1	T104	T184	19
phylter-k020	0	1400	0	600	0.3	4	T9	T199	45
phylter-k020	777	1023	69	131	0.1	1	T101	T126	4
phylter-k020	0	1700	0	300	0.15	3	T151	T183	29
phylter-k020	0	1502	0	498	0.25	3	T179	T163	46
phylter-k020	899	1001	42	58	0.05	4	T106	T158	43
phylter-k020	0	1601	0	399	0.2	3	T19	T145	50
phylter-k020	760	1140	31	69	0.05	1	T127	T105	37
phylter-k020	607	893	171	329	0.25	1	T6	T112	2
phylter-k020	0	1400	0	600	0.3	3	T77	T87	27
phylter-k020	0	1800	0	200	0.1	2	T85	T31	25
phylter-k020	0	1802	0	198	0.1	3	T109	T71	42
phylter-k020	0	1900	0	100	0.05	2	T90	T29	12
phylter-k020	838	862	153	147	0.15	1	T78	T150	47
phylter-k020	894	1006	44	56	0.05	1	T65	T181	22
phylter-k020	890	1010	49	51	0.05	1	T2	T60	39
phylter-k020	816	984	88	112	0.1	2	T7	T15	49
phylter-k020	0	1600	0	400	0.2	1	T174	T115	28
phylter-k020	0	1502	0	498	0.25	3	T103	T190	12
phylter-k020	682	818	222	278	0.25	1	T113	T15	49
phylter-k020	693	1107	69	131	0.1	1	T179	T106	9
phylter-k020	0	1400	0	600	0.3	2	T99	T180	26
phylter-k020	643	1057	119	181	0.15	1	T130	T4	9
phylter-k020	839	961	101	99	0.1	2	T2	T142	34
phylter-k020	0	1700	0	300	0.15	4	T9	T123	27
phylter-k020	0	1802	0	198	0.1	3	T57	T44	14
phylter-k020	767	933	138	162	0.15	1	T133	T156	49
phylter-k020	675	725	259	341	0.3	1	T182	T200	33
phylter-k020	679	721	240	360	0.3	1	T115	T171	15
phylter-k020	648	752	292	308	0.3	3	T169	T170	2
phylter-k020	653	747	285	315	0.3	1	T126	T142	22
phylter-k020	877	925	92	106	0.1	3	T1	T117	30
phylter-k020	0	1400	0	600	0.3	2	T70	T42	16
phylter-k020	1	1399	0	600	0.3	1	T20	T59	28
phylter-k020	0	1400	0	600	0.3	4	T125	T69	44
phylter-k020	810	790	185	215	0.2	4	T71	T37	10
phylter-k020	642	758	285	315	0.3	2	T101	T55	1
phylter-k020	882	1018	59	41	0.05	2	T6	T118	21
phylter-k020	1	1699	0	300	0.15	4	T28	T86	32
phylter-k020	884	1016	54	46	0.05	2	T15	T6	22
phylter-k020	0	1700	0	300	0.15	1	T29	T32	46
phylter-k020	0	1900	0	100	0.05	1	T44	T128	25
phylter-k020	1	1699	0	300	0.15	3	T76	T108	32
phylter-k020	0	1900	0	100	0.05	4	T32	T188	26
phylter-k020	696	804	241	259	0.25	1	T200	T107	33
phylter-k020	0	1600	0	400	0.2	1	T35	T120	12
phylter-k020	0	1400	0	600	0.3	1	T158	T11	36
phylter-k020	0	1500	0	500	0.25	4	T140	T194	48
phylter-k020	0	1400	0	600	0.3	1	T142	T128	6
phylter-k020	0	1600	0	400	0.2	5	T56	T28	28
phylter-k020	0	1500	0	500	0.25	4	T89	T145	50
phylter-k020	0	1800	0	200	0.1	1	T114	T186	50
phylter-k020	0	1900	0	100	0.05	1	T96	T167	14
phylter-k020	0	1601	0	399	0.2	3	T13	T87	5
phylter-k020	0	1400	0	600	0.3	1	T28	T86	32
phylter-k020	813	987	91	109	0.1	1	T181	T154	49
phylter-k020	0	1502	0	498	0.25	3	T35	T7	16
phylter-k020	709	791	260	240	0.25	2	T193	T143	30
phylter-k020	661	739	286	314	0.3	2	T145	T94	8
phylter-k020	746	854	194	206	0.2	1	T197	T161	39
phylter-k020	737	765	204	294	0.25	3	T148	T130	43
phylter-k020	843	857	141	159	0.15	5	T94	T180	11
phylter-k020	817	983	124	76	0.1	2	T57	T177	43
phylter-k020	0	1400	0	600	0.3	6	T175	T76	36
phylter-k020	0	1700	0	300	0.15	3	T12	T36	3
phylter-k020	734	768	257	241	0.25	3	T96	T105	47
phylter-k020	4	1496	0	500	0.25	1	T82	T190	6
phylter-k020	0	1800	0	200	0.1	1	T148	T86	25
phylter-k020	643	757	294	306	0.3	1	T98	T22	41
phylter-k020	850	952	78	120	0.1	3	T46	T70	1
phylter-k020	0	1500	0	500	0.25	1	T44	T128	25
phylter-k020	0	1600	0	400	0.2	1	T30	T188	44
phylter-k020	719	781	222	278	0.25	1	T50	T138	21
phylter-k020	588	812	256	344	0.3	2	T14	T180	4
phylter-k020	0	1400	0	600	0.3	1	T150	T137	44
phylter-k020	898	1002	42	58	0.05	5	T185	T142	34
phylter-k020	791	909	139	161	0.15	3	T178	T149	19
phylter-k020	0	1800	0	200	0.1	2	T196	T8	26
phylter-k020	0	1400	0	600	0.3	1	T6	T94	32
phylter-k020	744	856	197	203	0.2	2	T6	T118	21
phylter-k020	0	1502	0	498	0.25	3	T90	T10	24
phylter-k020	746	854	191	209	0.2	1	T159	T119	22
phylter-k020	677	723	318	282	0.3	2	T109	T111	10
phylter-k020	1	1699	0	300	0.15	1	T31	T191	25
phylter-k020	928	973	58	41	0.05	3	T71	T144	11
phylter-k020	559	841	203	397	0.3	3	T179	T106	9
phylter-k020	0	1500	0	500	0.25	1	T29	T32	46
phylter-k020	0	1900	0	100	0.05	1	T30	T188	44
phylter-k020	0	1800	0	200	0.1	2	T20	T32	5
phylter-k020	0	1900	0	100	0.05	2	T82	T155	42
phylter-k020	730	870	174	226	0.2	1	T181	T154	49
phylter-k020	5	1895	0	100	0.05	2	T108	T86	6
phylter-k020	799	901	145	155	0.15	2	T171	T4	2
phylter-k020	856	1044	48	52	0.05	1	T92	T64	49
phylter-k020	640	760	264	336	0.3	2	T7	T15	49
phylter-k020	0	1600	0	400	0.2	1	T81	T36	13
phylter-k020	0	1900	0	100	0.05	2	T136	T196	28
phylter-k020	919	981	50	50	0.05	2	T200	T123	30
phylter-k020	0	1800	0	200	0.1	1	T172	T69	45
phylter-k020	836	964	98	102	0.1	2	T38	T46	33
phylter-k020	0	1502	0	498	0.25	3	T109	T76	36
phylter-k020	861	939	75	125	0.1	1	T18	T5	33
phylter-k020	943	957	48	52	0.05	1	T13	T7	47
phylter-k020	0	1900	0	100	0.05	1	T100	T97	31
phylter-k020	689	811	212	288	0.25	1	T57	T160	17
phylter-k020	727	773	264	236	0.25	2	T198	T101	10
phylter-k020	0	1400	0	600	0.3	2	T96	T167	14
phylter-k020	887	1013	49	51	0.05	1	T159	T58	33
phylter-k020	714	886	196	204	0.2	4	T57	T160	17
phylter-k020	802	898	139	161	0.15	2	T126	T100	21
phylter-k020	0	1600	0	400	0.2	2	T60	T59	31
phylter-k020	0	1400	0	600	0.3	2	T17	T30	27
phylter-k020	0	1601	0	399	0.2	3	T29	T32	46
phylter-k020	1	1399	0	600	0.3	2	T32	T37	45
phylter-k020	894	1006	52	48	0.05	5	T127	T134	40
phylter-k020	694	706	241	359	0.3	3	T139	T88	43
phylter-k020	827	973	116	84	0.1	2	T107	T167	8
phylter-k020	799	901	145	155	0.15	2	T37	T24	2
phylter-k020	0	1700	0	300	0.15	1	T105	T80	27
phylter-k020	0	1700	0	300	0.15	2	T20	T106	3
phylter-k020	0	1700	0	300	0.15	1	T6	T128	16
phylter-k020	724	876	180	220	0.2	1	T56	T112	49
phylter-k020	0	1400	0	600	0.3	1	T200	T151	14
phylter-k020	756	744	239	261	0.25	4	T23	T171	10
phylter-k020	797	803	194	206	0.2	1	T139	T175	47
phylter-k020	661	739	279	321	0.3	2	T126	T117	39
phylter-k020	0	1601	0	399	0.2	3	T140	T194	48
phylter-k020	0	1601	0	399	0.2	3	T172	T179	46
phylter-k020	804	896	123	177	0.15	4	T25	T57	1
phylter-k020	0	1600	0	400	0.2	1	T125	T69	44
phylter-k020	1	1699	0	300	0.15	3	T154	T107	48
phylter-k020	0	1800	0	200	0.1	4	T88	T120	12
phylter-k020	692	808	238	262	0.25	1	T88	T180	19
phylter-k020	742	858	201	199	0.2	2	T136	T144	8
phylter-k020	868	932	59	141	0.1	1	T104	T131	1
phylter-k020	0	1400	0	600	0.3	1	T7	T30	32
phylter-k020	648	752	287	313	0.3	3	T159	T119	22
phylter-k020	0	1700	0	300	0.15	2	T96	T167	14
phylter-k020	0	1500	0	500	0.25	2	T67	T22	3
phylter-k020	0	1901	0	99	0.05	3	T102	T158	16
phylter-k020	910	990	59	41	0.05	1	T1	T117	30
phylter-k020	0	1901	0	99	0.05	3	T107	T17	29
phylter-k020	0	1800	0	200	0.1	2	T191	T91	3
phylter-k020	0	1700	0	300	0.15	2	T77	T87	27
phylter-k020	537	963	175	325	0.25	1	T151	T102	1
phylter-k020	728	872	213	187	0.2	2	T53	T158	43
phylter-k020	943	961	52	44	0.05	6	T102	T113	10
phylter-k020	851	949	85	115	0.1	2	T159	T58	33
phylter-k020	833	967	107	93	0.1	1	T4	T5	22
phylter-k020	0	1600	0	400	0.2	2	T193	T33	50
phylter-k020	831	869	145	155	0.15	1	T49	T114	30
phylter-k020	675	725	311	289	0.3	2	T108	T137	11
phylter-k020	0	1800	0	200	0.1	2	T89	T145	50
phylter-k020	1	1599	0	400	0.2	1	T134	T88	24
phylter-k020	0	1802	0	198	0.1	3	T172	T179	46
phylter-k020	0	1700	0	300	0.15	1	T59	T136	28
phylter-k020	840	1060	46	54	0.05	2	T143	T121	35
phylter-k020	716	784	225	275	0.25	2	T23	T195	39
phylter-k020	0	1400	0	600	0.3	2	T139	T115	38
phylter-k020	0	1600	0	400	0.2	1	T118	T90	50
phylter-k020	0	1500	1	499	0.25	2	T153	T30	29
phylter-k020	775	925	137	163	0.15	1	T70	T7	17
phylter-k020	0	1500	0	500	0.25	5	T136	T75	50
phylter-k020	706	796	215	283	0.25	3	T16	T97	15
phylter-k020	0	1500	0	500	0.25	1	T141	T66	42
phylter-k020	713	1089	78	120	0.1	3	T68	T126	37
phylter-k020	0	1800	0	200	0.1	2	T18	T89	27
phylter-k020	706	796	229	269	0.25	3	T86	T59	43
phylter-k020	0	1400	0	600	0.3	1	T63	T46	7
phylter-k020	0	1900	0	100	0.05	2	T47	T130	45
phylter-k020	0	1900	0	100	0.05	2	T184	T14	42
phylter-k020	712	889	232	167	0.2	3	T171	T4	2
phylter-k020	665	835	220	280	0.25	1	T177	T124	35
phylter-k020	911	891	80	118	0.1	3	T96	T105	47
phylter-k020	0	1400	0	600	0.3	1	T153	T30	29
phylter-k020	0	1800	0	200	0.1	1	T130	T177	42
phylter-k020	749	1053	97	101	0.1	3	T197	T176	4
phylter-k020	816	884	170	130	0.15	2	T37	T28	11
phylter-k020	691	1009	100	200	0.15	1	T13	T160	37
phylter-k020	763	837	173	227	0.2	2	T94	T171	34
phylter-k020	0	1400	0	600	0.3	1	T27	T24	14
phylter-k020	0	1400	0	600	0.3	1	T2	T176	20
phylter-k020	0	1800	0	200	0.1	2	T47	T32	26
phylter-k020	0	1600	0	400	0.2	2	T67	T68	29
phylter-k020	835	967	92	106	0.1	6	T10	T8	1
phylter-k020	0	1800	0	200	0.1	1	T151	T183	29
phylter-k020	1	1600	0	399	0.2	3	T113	T29	36
phylter-k020	705	895	180	220	0.2	2	T20	T124	35
phylter-k020	893	1007	54	46	0.05	1	T51	T110	40
phylter-k020	739	761	245	255	0.25	2	T53	T162	11
phylter-k020	0	1600	0	400	0.2	2	T16	T190	42
phylter-k020	2	1598	0	400	0.2	1	T48	T177	28
phylter-k020	609	791	328	272	0.3	2	T14	T40	34
phylter-k020	0	1600	0	400	0.2	2	T6	T128	16
phylter-k020	0	1700	0	300	0.15	1	T177	T109	13
phylter-k020	0	1900	0	100	0.05	2	T22	T11	29
phylter-k020	0	1500	0	500	0.25	2	T130	T177	42
phylter-k020	798	902	153	147	0.15	1	T106	T158	8
phylter-k020	656	744	273	327	0.3	2	T33	T31	19
phylter-k020	649	751	261	339	0.3	4	T142	T10	17
phylter-k020	1	1399	0	600	0.3	3	T145	T172	44
phylter-k020	0	1900	0	100	0.05	1	T8	T54	38
phylter-k020	0	1502	0	498	0.25	3	T181	T9	36
phylter-k020	0	1502	0	498	0.25	3	T29	T187	29
phylter-k020	2	1698	0	300	0.15	2	T17	T197	5
phylter-k020	729	871	213	187	0.2	2	T126	T100	21
phylter-k020	809	891	138	162	0.15	4	T117	T137	40
phylter-k020	727	773	193	307	0.25	1	T115	T171	15
phylter-k020	625	875	221	279	0.25	1	T101	T126	4
phylter-k020	0	1800	0	200	0.1	4	T144	T28	44
phylter-k020	854	1046	47	53	0.05	2	T101	T107	17
phylter-k020	580	820	270	330	0.3	1	T191	T161	39
phylter-k020	748	852	191	209	0.2	2	T58	T103	21
phylter-k020	830	870	158	142	0.15	1	T125	T141	18
phylter-k020	654	746	273	327	0.3	2	T46	T70	1
phylter-k020	660	740	264	336	0.3	1	T10	T8	1
phylter-k020	1	1801	0	198	0.1	3	T71	T144	20
phylter-k020	0	1400	0	600	0.3	4	T145	T197	7
phylter-k020	1	1699	0	300	0.15	1	T174	T115	28
phylter-k020	0	1500	0	500	0.25	1	T158	T11	36
phylter-k020	807	893	127	173	0.15	2	T94	T171	34
phylter-k020	0	1400	0	600	0.3	2	T8	T54	38
phylter-k020	903	897	86	114	0.1	1	T125	T141	18
phylter-k020	0	1500	0	500	0.25	2	T187	T11	14
phylter-k020	0	1400	0	600	0.3	4	T138	T99	25
phylter-k020	0	1600	0	400	0.2	2	T166	T34	28
phylter-k020	0	1400	0	600	0.3	1	T193	T113	14
phylter-k020	506	894	256	344	0.3	2	T173	T48	9
phylter-k020	604	996	187	213	0.2	2	T30	T47	37
phylter-k020	889	911	97	103	0.1	2	T111	T137	11
phylter-k020	0	1700	0	300	0.15	1	T121	T93	5
phylter-k020	0	1900	0	100	0.05	2	T57	T196	42
phylter-k020	0	1600	0	400	0.2	2	T52	T29	6
phylter-k020	725	775	270	230	0.25	2	T14	T148	10
phylter-k020	883	1017	44	56	0.05	2	T46	T70	1
phylter-k020	827	973	94	106	0.1	2	T139	T159	15
phylter-k020	0	1400	0	600	0.3	1	T29	T187	29
