phylter-k155	1497	3	499	1	0.25	1	T77	T63	22
phylter-k155	1494	6	499	1	0.25	1	T10	T30	10
phylter-k155	1895	5	100	0	0.05	1	T88	T120	12
phylter-k155	1889	11	100	0	0.05	1	T114	T140	37
phylter-k155	1793	7	199	1	0.1	2	T118	T78	17
phylter-k155	1684	16	297	3	0.15	1	T119	T198	9
phylter-k155	1892	8	99	1	0.05	2	T8	T13	35
phylter-k155	1499	3	498	0	0.25	3	T54	T121	30
phylter-k155	1494	6	500	0	0.25	4	T137	T3	18
phylter-k155	1398	2	599	1	0.3	3	T115	T44	46
phylter-k155	1700	0	300	0	0.15	1	T148	T130	43
phylter-k155	1594	6	399	1	0.2	1	T100	T97	31
phylter-k155	1598	2	399	1	0.2	2	T200	T123	30
phylter-k155	1172	228	484	116	0.3	2	T90	T10	24
phylter-k155	1501	299	155	45	0.1	1	T151	T134	24
phylter-k155	1893	7	100	0	0.05	1	T193	T127	10
phylter-k155	1595	6	398	1	0.2	3	T102	T113	10
phylter-k155	1895	6	99	0	0.05	3	T106	T158	8
phylter-k155	1797	5	197	1	0.1	3	T50	T138	21
phylter-k155	1496	4	498	2	0.25	4	T105	T136	49
phylter-k155	1599	2	397	2	0.2	3	T181	T9	36
phylter-k155	1400	0	600	0	0.3	2	T106	T158	43
phylter-k155	1697	3	300	0	0.15	1	T113	T29	36
phylter-k155	1694	6	300	0	0.15	1	T166	T34	28
phylter-k155	1362	440	128	70	0.1	3	T46	T167	27
phylter-k155	1593	7	400	0	0.2	1	T51	T91	47
phylter-k155	1299	101	541	59	0.3	4	T85	T19	44
phylter-k155	1900	0	100	0	0.05	1	T52	T29	6
phylter-k155	1392	8	599	1	0.3	1	T24	T115	23
phylter-k155	1600	0	400	0	0.2	1	T137	T102	43
phylter-k155	1744	157	96	3	0.05	3	T144	T28	44
phylter-k155	1893	7	100	0	0.05	2	T71	T37	10
phylter-k155	1584	16	394	6	0.2	2	T141	T66	42
phylter-k155	1492	8	496	4	0.25	1	T107	T17	29
phylter-k155	1495	7	497	1	0.25	3	T133	T140	7
phylter-k155	1677	23	297	3	0.15	1	T84	T104	46
phylter-k155	1794	6	200	0	0.1	2	T124	T144	29
phylter-k155	1881	19	100	0	0.05	2	T185	T6	9
phylter-k155	1398	2	599	1	0.3	2	T108	T86	6
phylter-k155	1795	5	198	2	0.1	1	T15	T112	17
phylter-k155	1798	2	199	1	0.1	1	T48	T185	32
phylter-k155	1597	3	395	5	0.2	1	T37	T28	11
phylter-k155	1588	12	390	10	0.2	1	T114	T152	3
phylter-k155	1700	0	300	0	0.15	2	T137	T102	43
phylter-k155	1696	4	299	1	0.15	1	T58	T103	21
phylter-k155	1595	5	398	2	0.2	1	T96	T167	14
phylter-k155	1786	14	192	8	0.1	2	T116	T22	3
phylter-k155	1594	6	398	2	0.2	1	T7	T68	41
phylter-k155	1500	0	487	13	0.25	1	T14	T180	4
phylter-k155	1795	5	200	0	0.1	1	T20	T124	35
phylter-k155	1792	8	200	0	0.1	4	T133	T140	7
phylter-k155	1395	5	598	2	0.3	2	T192	T68	26
phylter-k155	1601	0	399	0	0.2	3	T148	T130	43
phylter-k155	1399	1	599	1	0.3	2	T165	T132	7
phylter-k155	1697	3	300	0	0.15	1	T175	T194	41
phylter-k155	1696	4	299	1	0.15	4	T54	T88	28
phylter-k155	1791	9	199	1	0.1	1	T115	T171	15
phylter-k155	1897	3	100	0	0.05	1	T168	T147	30
phylter-k155	1393	7	599	1	0.3	1	T107	T198	19
phylter-k155	1694	6	300	0	0.15	3	T149	T49	21
phylter-k155	1798	2	199	1	0.1	2	T19	T7	25
phylter-k155	1496	4	500	0	0.25	1	T12	T60	34
phylter-k155	1582	18	397	3	0.2	1	T29	T116	20
phylter-k155	1793	7	200	0	0.1	2	T13	T7	47
phylter-k155	1596	4	399	1	0.2	1	T194	T41	19
phylter-k155	1895	5	100	0	0.05	2	T177	T124	35
phylter-k155	1800	0	200	0	0.1	1	T137	T102	43
phylter-k155	1589	11	399	1	0.2	1	T91	T196	20
phylter-k155	1697	3	299	1	0.15	1	T85	T31	25
phylter-k155	1898	2	100	0	0.05	1	T90	T80	40
phylter-k155	1497	5	497	1	0.25	3	T57	T86	32
phylter-k155	1596	5	399	0	0.2	3	T137	T106	1
phylter-k155	1745	155	95	5	0.05	2	T85	T19	44
phylter-k155	1598	2	398	2	0.2	2	T59	T136	28
phylter-k155	1485	15	496	4	0.25	1	T185	T6	9
phylter-k155	1392	8	600	0	0.3	1	T111	T137	11
phylter-k155	1574	326	82	18	0.05	1	T136	T54	24
phylter-k155	1497	5	496	2	0.25	3	T64	T181	41
phylter-k155	1687	13	300	0	0.15	2	T150	T36	4
phylter-k155	1593	7	400	0	0.2	2	T83	T62	47
phylter-k155	1393	7	599	1	0.3	2	T16	T97	15
phylter-k155	1690	10	299	1	0.15	1	T30	T47	37
phylter-k155	1398	2	600	0	0.3	3	T131	T67	38
phylter-k155	1500	0	498	2	0.25	2	T8	T54	38
phylter-k155	1599	2	398	1	0.2	3	T12	T60	34
phylter-k155	1499	1	500	0	0.25	2	T68	T111	6
phylter-k155	1399	1	600	0	0.3	1	T172	T111	6
phylter-k155	1597	3	397	3	0.2	1	T84	T13	33
phylter-k155	1498	2	500	0	0.25	1	T17	T197	5
phylter-k155	1696	4	300	0	0.15	1	T15	T6	22
phylter-k155	1491	11	494	4	0.25	3	T169	T170	2
phylter-k155	1396	4	598	2	0.3	3	T157	T124	33
phylter-k155	1598	3	399	0	0.2	3	T143	T121	35
phylter-k155	1498	2	500	0	0.25	1	T198	T102	40
phylter-k155	1797	3	199	1	0.1	1	T136	T196	28
phylter-k155	1894	6	100	0	0.05	1	T139	T102	21
phylter-k155	1893	8	99	0	0.05	3	T7	T68	41
phylter-k155	1395	5	596	4	0.3	3	T68	T170	41
phylter-k155	1593	8	395	4	0.2	3	T137	T116	39
phylter-k155	1791	9	199	1	0.1	1	T85	T79	31
phylter-k155	1388	12	598	2	0.3	2	T184	T30	49
phylter-k155	1494	6	499	1	0.25	2	T136	T110	31
phylter-k155	1287	413	203	97	0.15	1	T103	T130	27
phylter-k155	1899	1	100	0	0.05	1	T51	T152	38
phylter-k155	1689	11	298	2	0.15	2	T98	T22	41
phylter-k155	1493	9	496	2	0.25	3	T30	T47	37
phylter-k155	1797	3	199	1	0.1	2	T41	T66	22
phylter-k155	1899	2	98	1	0.05	3	T148	T86	25
phylter-k155	1797	3	195	5	0.1	1	T157	T198	11
phylter-k155	1697	3	300	0	0.15	1	T1	T117	30
phylter-k155	1893	8	99	0	0.05	3	T69	T33	19
phylter-k155	1598	2	399	1	0.2	2	T63	T46	7
phylter-k155	1896	4	100	0	0.05	2	T176	T152	48
phylter-k155	1898	3	99	0	0.05	3	T138	T99	25
phylter-k155	1594	6	399	1	0.2	1	T57	T44	14
phylter-k155	1487	13	500	0	0.25	1	T167	T106	4
phylter-k155	1597	3	400	0	0.2	1	T24	T150	34
phylter-k155	1897	4	98	1	0.05	3	T88	T180	19
phylter-k155	1598	2	395	5	0.2	1	T125	T168	16
phylter-k155	1790	10	196	4	0.1	1	T140	T110	20
phylter-k155	1688	12	299	1	0.15	1	T83	T138	39
phylter-k155	1694	6	299	1	0.15	1	T57	T44	14
phylter-k155	1397	3	600	0	0.3	1	T1	T117	30
phylter-k155	1895	6	99	0	0.05	3	T58	T103	21
phylter-k155	1598	3	397	2	0.2	3	T125	T64	1
phylter-k155	1695	5	298	2	0.15	1	T50	T148	10
phylter-k155	1780	20	197	3	0.1	1	T110	T26	2
phylter-k155	1895	5	100	0	0.05	1	T194	T41	19
phylter-k155	1397	3	599	1	0.3	3	T31	T191	25
phylter-k155	1344	256	312	88	0.2	2	T197	T36	24
phylter-k155	1363	437	127	73	0.1	1	T69	T86	27
phylter-k155	1392	8	599	1	0.3	3	T43	T112	41
phylter-k155	1682	18	296	4	0.15	1	T140	T194	48
phylter-k155	1600	0	399	1	0.2	1	T118	T135	12
phylter-k155	1878	22	99	1	0.05	2	T110	T26	2
phylter-k155	1694	6	299	1	0.15	1	T73	T127	40
phylter-k155	1879	22	99	0	0.05	3	T109	T71	42
phylter-k155	1795	5	200	0	0.1	2	T106	T158	8
phylter-k155	1887	13	98	2	0.05	2	T184	T30	49
phylter-k155	1438	262	270	30	0.15	3	T120	T43	50
phylter-k155	1895	5	99	1	0.05	2	T144	T195	28
phylter-k155	1897	3	100	0	0.05	2	T14	T40	34
phylter-k155	1318	82	522	78	0.3	1	T144	T28	44
phylter-k155	1796	4	200	0	0.1	2	T142	T10	17
phylter-k155	1382	18	596	4	0.3	3	T12	T36	3
phylter-k155	1398	2	599	1	0.3	2	T24	T150	34
phylter-k155	1694	6	298	2	0.15	3	T69	T33	19
phylter-k155	1451	150	389	10	0.2	3	T145	T172	44
phylter-k155	1493	9	496	2	0.25	3	T132	T99	2
phylter-k155	1597	3	399	1	0.2	1	T41	T66	22
phylter-k155	1891	9	100	0	0.05	1	T85	T79	31
phylter-k155	1790	12	196	2	0.1	3	T86	T61	13
phylter-k155	1693	7	296	4	0.15	1	T62	T40	20
phylter-k155	1595	5	399	1	0.2	2	T175	T81	18
phylter-k155	1483	17	498	2	0.25	2	T16	T49	9
phylter-k155	1898	3	99	0	0.05	3	T166	T177	30
phylter-k155	1796	6	198	0	0.1	3	T78	T150	47
phylter-k155	1695	5	298	2	0.15	4	T125	T168	16
phylter-k155	1489	13	498	0	0.25	3	T3	T68	4
phylter-k155	1489	13	495	3	0.25	3	T22	T11	29
phylter-k155	1497	3	498	2	0.25	2	T140	T102	6
phylter-k155	1796	4	200	0	0.1	4	T70	T7	17
phylter-k155	1018	382	472	128	0.3	1	T69	T86	27
phylter-k155	1884	16	100	0	0.05	2	T171	T4	2
phylter-k155	1393	7	593	7	0.3	1	T86	T61	13
phylter-k155	1793	7	200	0	0.1	1	T14	T148	10
phylter-k155	1692	8	300	0	0.15	4	T87	T18	29
phylter-k155	1491	9	499	1	0.25	2	T99	T180	26
phylter-k155	1495	5	497	3	0.25	2	T8	T13	35
phylter-k155	1348	252	360	40	0.2	2	T38	T181	50
phylter-k155	1895	6	99	0	0.05	3	T15	T102	14
phylter-k155	1895	5	100	0	0.05	1	T170	T90	12
phylter-k155	1893	7	99	1	0.05	1	T112	T147	23
phylter-k155	1793	7	200	0	0.1	2	T72	T119	16
phylter-k155	1598	2	398	2	0.2	2	T4	T5	22
phylter-k155	1391	9	597	3	0.3	3	T92	T64	49
phylter-k155	1346	54	579	21	0.3	2	T84	T14	45
phylter-k155	1587	13	400	0	0.2	1	T14	T180	4
phylter-k155	1894	6	99	1	0.05	1	T15	T112	17
phylter-k155	1596	4	399	1	0.2	2	T88	T120	12
phylter-k155	1496	4	485	15	0.25	1	T138	T132	9
phylter-k155	1397	3	598	2	0.3	2	T177	T124	35
phylter-k155	1400	0	600	0	0.3	2	T52	T29	6
phylter-k155	1696	4	300	0	0.15	4	T117	T95	31
phylter-k155	1897	3	100	0	0.05	1	T20	T82	6
phylter-k155	1693	7	300	0	0.15	1	T27	T24	14
phylter-k155	1695	5	299	1	0.15	4	T89	T124	21
phylter-k155	1691	9	297	3	0.15	3	T55	T68	17
phylter-k155	1694	6	299	1	0.15	2	T198	T101	10
phylter-k155	1492	8	499	1	0.25	1	T24	T115	23
phylter-k155	1398	2	598	2	0.3	2	T12	T60	34
phylter-k155	1590	10	398	2	0.2	2	T62	T40	20
phylter-k155	1493	7	498	2	0.25	2	T112	T147	23
phylter-k155	1694	6	300	0	0.15	1	T18	T5	33
phylter-k155	1793	7	200	0	0.1	2	T87	T186	16
phylter-k155	1896	4	100	0	0.05	2	T117	T71	5
phylter-k155	1598	2	397	3	0.2	2	T129	T108	48
phylter-k155	1593	7	400	0	0.2	2	T27	T24	14
phylter-k155	1396	4	588	12	0.3	5	T170	T91	13
phylter-k155	1391	9	593	7	0.3	1	T177	T109	13
phylter-k155	1687	13	300	0	0.15	3	T80	T81	4
phylter-k155	1690	10	298	2	0.15	2	T137	T116	39
phylter-k155	1426	474	64	36	0.05	2	T9	T123	27
phylter-k155	1793	7	200	0	0.1	1	T23	T171	10
phylter-k155	1394	6	598	2	0.3	3	T113	T15	49
phylter-k155	1389	11	599	1	0.3	1	T6	T112	2
phylter-k155	1341	59	584	16	0.3	1	T172	T69	45
phylter-k155	1878	22	100	0	0.05	2	T198	T61	3
phylter-k155	1698	2	300	0	0.15	2	T110	T158	12
phylter-k155	1594	6	399	1	0.2	2	T72	T119	16
phylter-k155	1390	10	588	12	0.3	1	T116	T22	3
phylter-k155	1221	279	435	65	0.25	2	T151	T134	24
phylter-k155	1627	73	298	2	0.15	1	T79	T172	45
phylter-k155	1600	0	400	0	0.2	2	T136	T105	40
phylter-k155	1394	6	600	0	0.3	1	T100	T97	31
phylter-k155	1894	6	100	0	0.05	1	T159	T40	8
phylter-k155	1797	3	200	0	0.1	1	T192	T23	48
phylter-k155	1698	2	299	1	0.15	2	T171	T77	31
phylter-k155	1592	8	399	1	0.2	2	T20	T32	5
phylter-k155	1791	9	200	0	0.1	2	T68	T97	15
phylter-k155	1897	3	100	0	0.05	1	T115	T44	46
phylter-k155	1399	1	600	0	0.3	3	T138	T147	38
phylter-k155	1894	6	100	0	0.05	2	T175	T76	36
phylter-k155	1797	3	200	0	0.1	2	T115	T44	46
phylter-k155	1256	244	400	100	0.25	1	T169	T200	24
phylter-k155	1546	54	379	21	0.2	2	T79	T172	45
phylter-k155	1496	4	498	2	0.25	1	T126	T100	21
phylter-k155	1597	3	398	2	0.2	2	T140	T102	6
phylter-k155	1887	13	99	1	0.05	1	T62	T40	20
phylter-k155	1794	6	200	0	0.1	1	T175	T76	36
phylter-k155	1400	0	598	2	0.3	1	T171	T33	26
phylter-k155	1393	7	598	2	0.3	2	T9	T124	40
phylter-k155	1300	100	540	60	0.3	2	T53	T175	44
phylter-k155	1599	1	398	2	0.2	2	T2	T142	34
phylter-k155	1283	219	425	73	0.25	3	T120	T43	50
phylter-k155	1786	14	199	1	0.1	2	T150	T171	2
phylter-k155	1884	16	100	0	0.05	2	T71	T144	20
phylter-k155	1792	10	197	1	0.1	3	T17	T198	23
phylter-k155	1391	9	593	7	0.3	1	T97	T32	13
phylter-k155	1689	11	300	0	0.15	1	T25	T44	37
phylter-k155	1794	6	200	0	0.1	1	T70	T194	21
phylter-k155	1888	13	99	0	0.05	3	T80	T81	4
phylter-k155	1899	1	98	2	0.05	4	T54	T121	30
phylter-k155	1490	10	488	12	0.25	1	T116	T22	3
phylter-k155	1893	7	100	0	0.05	2	T109	T111	10
phylter-k155	1395	5	598	2	0.3	4	T10	T30	10
phylter-k155	1784	16	194	6	0.1	2	T82	T155	42
phylter-k155	1789	11	200	0	0.1	2	T65	T142	20
phylter-k155	1496	4	496	4	0.25	1	T32	T188	26
phylter-k155	1497	3	500	0	0.25	2	T166	T177	30
phylter-k155	1528	72	397	3	0.2	2	T9	T199	45
phylter-k155	1039	361	451	149	0.3	2	T139	T123	27
phylter-k155	1593	8	388	11	0.2	3	T142	T118	9
phylter-k155	1497	3	500	0	0.25	2	T118	T48	32
phylter-k155	1494	8	498	0	0.25	3	T157	T198	11
phylter-k155	1898	2	99	1	0.05	1	T171	T77	31
phylter-k155	1699	1	295	5	0.15	1	T24	T36	47
phylter-k155	1391	9	598	2	0.3	3	T1	T140	37
phylter-k155	1393	7	600	0	0.3	1	T187	T11	14
phylter-k155	1796	4	198	2	0.1	2	T58	T103	21
phylter-k155	1397	3	600	0	0.3	3	T54	T121	30
phylter-k155	1396	4	600	0	0.3	1	T81	T56	48
phylter-k155	1397	3	598	2	0.3	1	T161	T158	8
phylter-k155	1595	6	398	1	0.2	3	T14	T148	10
phylter-k155	1799	3	198	0	0.1	3	T18	T11	48
phylter-k155	1379	21	599	1	0.3	4	T20	T61	42
phylter-k155	1397	3	596	4	0.3	2	T14	T127	12
phylter-k155	1697	3	298	2	0.15	1	T82	T190	6
phylter-k155	1398	2	598	2	0.3	2	T136	T196	28
phylter-k155	1802	0	198	0	0.1	3	T130	T52	43
phylter-k155	1595	5	399	1	0.2	2	T109	T76	36
phylter-k155	1897	4	99	0	0.05	3	T117	T95	31
phylter-k155	1794	6	200	0	0.1	5	T149	T49	21
phylter-k155	1593	7	399	1	0.2	2	T108	T137	11
phylter-k155	1495	5	500	0	0.25	4	T43	T21	25
phylter-k155	1400	0	599	1	0.3	2	T25	T56	7
phylter-k155	1053	347	437	163	0.3	1	T105	T80	27
phylter-k155	1597	3	400	0	0.2	2	T175	T194	41
phylter-k155	1599	1	394	6	0.2	2	T24	T36	47
phylter-k155	1799	3	198	0	0.1	3	T171	T77	31
phylter-k155	1799	3	198	0	0.1	3	T16	T115	32
phylter-k155	1500	2	496	2	0.25	3	T70	T7	17
phylter-k155	1897	4	99	0	0.05	3	T70	T7	17
phylter-k155	1596	4	400	0	0.2	1	T195	T176	34
phylter-k155	1397	3	596	4	0.3	1	T50	T1	14
phylter-k155	1687	13	300	0	0.15	2	T14	T180	4
phylter-k155	1800	0	200	0	0.1	1	T132	T61	32
phylter-k155	1797	3	200	0	0.1	1	T25	T128	30
phylter-k155	1598	2	398	2	0.2	2	T81	T56	48
phylter-k155	1491	9	497	3	0.25	1	T126	T75	41
phylter-k155	1692	8	300	0	0.15	2	T53	T162	11
phylter-k155	1687	13	300	0	0.15	3	T135	T177	4
phylter-k155	1792	8	197	3	0.1	2	T51	T110	40
phylter-k155	1798	2	198	2	0.1	2	T81	T56	48
phylter-k155	1495	5	499	1	0.25	2	T174	T115	28
phylter-k155	1595	6	399	0	0.2	3	T159	T58	33
phylter-k155	1597	3	397	3	0.2	1	T36	T83	35
phylter-k155	1694	6	300	0	0.15	1	T94	T180	29
phylter-k155	1799	1	194	6	0.1	1	T24	T36	47
phylter-k155	1593	7	396	4	0.2	1	T176	T46	37
phylter-k155	1889	11	100	0	0.05	2	T171	T24	37
phylter-k155	1696	4	300	0	0.15	4	T74	T152	48
phylter-k155	1698	2	298	2	0.15	4	T142	T10	17
phylter-k155	1596	4	399	1	0.2	1	T25	T57	1
phylter-k155	1376	24	591	9	0.3	3	T128	T77	35
phylter-k155	1499	1	499	1	0.25	2	T30	T18	6
phylter-k155	1682	18	299	1	0.15	2	T179	T106	9
phylter-k155	1499	1	500	0	0.25	4	T90	T80	40
phylter-k155	1596	5	399	0	0.2	3	T85	T8	46
phylter-k155	1541	259	167	33	0.1	2	T86	T33	50
phylter-k155	1893	7	99	1	0.05	2	T112	T100	36
phylter-k155	1495	5	498	2	0.25	1	T101	T107	17
phylter-k155	1380	120	460	40	0.25	4	T125	T69	44
phylter-k155	1882	18	99	1	0.05	1	T142	T118	9
phylter-k155	1792	8	200	0	0.1	4	T30	T103	41
phylter-k155	1541	259	167	33	0.1	2	T193	T33	50
phylter-k155	1368	232	340	60	0.2	2	T89	T145	50
phylter-k155	1895	5	100	0	0.05	1	T35	T184	19
phylter-k155	1885	16	99	0	0.05	3	T152	T81	13
phylter-k155	1893	8	99	0	0.05	3	T129	T57	11
phylter-k155	1692	8	298	2	0.15	4	T24	T115	23
phylter-k155	1796	4	198	2	0.1	4	T167	T124	33
phylter-k155	1688	12	297	3	0.15	1	T170	T98	49
phylter-k155	1692	8	300	0	0.15	3	T132	T170	11
phylter-k155	1398	2	596	4	0.3	2	T114	T60	18
phylter-k155	1395	5	600	0	0.3	1	T151	T102	1
phylter-k155	1792	8	199	1	0.1	2	T117	T137	40
phylter-k155	1636	64	289	11	0.15	1	T98	T160	45
phylter-k155	1587	13	400	0	0.2	1	T80	T81	4
phylter-k155	1487	13	500	0	0.25	1	T150	T36	4
phylter-k155	1390	10	595	5	0.3	5	T170	T98	49
phylter-k155	1393	7	596	4	0.3	1	T25	T44	37
phylter-k155	1494	6	498	2	0.25	1	T132	T170	11
phylter-k155	1597	3	400	0	0.2	2	T54	T121	30
phylter-k155	1579	21	395	5	0.2	2	T84	T104	46
phylter-k155	1897	3	100	0	0.05	4	T16	T115	32
phylter-k155	1397	3	597	3	0.3	3	T192	T52	31
phylter-k155	1396	4	599	1	0.3	2	T135	T161	1
phylter-k155	1554	46	371	29	0.2	2	T55	T172	45
phylter-k155	1892	9	97	2	0.05	3	T25	T44	37
phylter-k155	1500	0	500	0	0.25	2	T85	T88	43
phylter-k155	1895	5	99	1	0.05	1	T124	T144	29
phylter-k155	1396	4	600	0	0.3	3	T172	T49	22
phylter-k155	1793	7	200	0	0.1	1	T126	T117	39
phylter-k155	1495	305	161	39	0.1	2	T134	T88	24
phylter-k155	1794	6	200	0	0.1	1	T181	T21	47
phylter-k155	1594	6	398	2	0.2	5	T7	T15	49
phylter-k155	1693	7	299	1	0.15	2	T16	T97	15
phylter-k155	1497	5	497	1	0.25	3	T72	T198	18
phylter-k155	1792	8	199	1	0.1	5	T153	T30	29
phylter-k155	1161	239	495	105	0.3	2	T145	T163	24
phylter-k155	1599	2	399	0	0.2	3	T33	T196	5
phylter-k155	1787	13	199	1	0.1	1	T194	T198	20
phylter-k155	1798	2	200	0	0.1	2	T111	T132	7
phylter-k155	1397	3	597	3	0.3	2	T96	T40	35
phylter-k155	1393	7	596	4	0.3	1	T127	T105	37
phylter-k155	1289	211	419	81	0.25	4	T19	T145	50
phylter-k155	1897	3	100	0	0.05	2	T18	T11	48
phylter-k155	1396	4	598	2	0.3	1	T29	T13	18
phylter-k155	1580	20	398	2	0.2	4	T116	T22	3
phylter-k155	1678	22	300	0	0.15	2	T20	T61	42
phylter-k155	1696	4	298	2	0.15	3	T188	T47	18
phylter-k155	1385	315	271	29	0.15	3	T151	T134	24
phylter-k155	1491	9	493	7	0.25	2	T177	T109	13
phylter-k155	1397	3	599	1	0.3	2	T65	T145	7
phylter-k155	1797	3	198	2	0.1	2	T35	T184	19
phylter-k155	1600	0	398	2	0.2	1	T171	T33	26
phylter-k155	1491	11	487	11	0.25	3	T198	T61	3
phylter-k155	1398	2	599	1	0.3	1	T185	T142	34
phylter-k155	1843	57	82	18	0.05	1	T9	T199	45
phylter-k155	1697	3	300	0	0.15	1	T195	T176	34
phylter-k155	1596	4	399	1	0.2	1	T35	T184	19
phylter-k155	1648	154	192	6	0.1	3	T58	T16	44
phylter-k155	1878	22	100	0	0.05	2	T141	T66	42
phylter-k155	1597	3	399	1	0.2	2	T176	T152	48
phylter-k155	1500	2	498	0	0.25	3	T51	T80	35
phylter-k155	1892	8	100	0	0.05	2	T103	T190	12
phylter-k155	1692	8	299	1	0.15	1	T30	T103	41
phylter-k155	1394	6	591	9	0.3	3	T44	T69	39
phylter-k155	1895	6	99	0	0.05	3	T182	T200	33
phylter-k155	1397	3	600	0	0.3	3	T193	T143	30
phylter-k155	1885	15	100	0	0.05	2	T170	T98	49
phylter-k155	1497	3	495	5	0.25	1	T87	T18	29
phylter-k155	1397	3	597	3	0.3	4	T70	T194	21
phylter-k155	1463	237	245	55	0.15	2	T193	T33	50
phylter-k155	1679	21	298	2	0.15	1	T56	T141	20
phylter-k155	1888	13	99	0	0.05	3	T197	T176	4
phylter-k155	1494	6	496	4	0.25	1	T56	T112	49
phylter-k155	1219	181	489	111	0.3	4	T86	T33	50
phylter-k155	1799	3	198	0	0.1	3	T190	T7	30
phylter-k155	1594	6	400	0	0.2	1	T175	T76	36
phylter-k155	1496	4	500	0	0.25	2	T59	T136	28
phylter-k155	1692	8	300	0	0.15	1	T108	T137	11
phylter-k155	1896	4	99	1	0.05	2	T39	T163	36
phylter-k155	1482	18	496	4	0.25	1	T184	T14	42
phylter-k155	1594	6	398	2	0.2	5	T30	T103	41
phylter-k155	1800	0	200	0	0.1	4	T136	T105	40
phylter-k155	1688	12	299	1	0.15	2	T44	T69	39
phylter-k155	1896	4	97	3	0.05	2	T198	T101	10
phylter-k155	1400	0	587	13	0.3	2	T167	T106	4
phylter-k155	1594	6	400	0	0.2	2	T192	T68	26
phylter-k155	1896	4	100	0	0.05	2	T77	T63	22
phylter-k155	1598	2	399	1	0.2	1	T115	T44	46
phylter-k155	1617	283	91	9	0.05	1	T86	T33	50
phylter-k155	1589	12	396	3	0.2	3	T184	T30	49
phylter-k155	1495	5	498	2	0.25	1	T193	T113	14
phylter-k155	1599	1	398	2	0.2	4	T25	T128	30
phylter-k155	1894	6	100	0	0.05	2	T125	T141	18
phylter-k155	1796	4	200	0	0.1	2	T76	T108	32
phylter-k155	1696	4	300	0	0.15	1	T38	T134	34
phylter-k155	1499	1	499	1	0.25	1	T108	T86	6
phylter-k155	1014	386	476	124	0.3	4	T103	T130	27
phylter-k155	1494	6	500	0	0.25	1	T192	T52	31
phylter-k155	1681	19	297	3	0.15	2	T109	T71	42
phylter-k155	1878	22	100	0	0.05	1	T116	T22	3
phylter-k155	1452	248	256	44	0.15	2	T118	T90	50
phylter-k155	1391	9	587	13	0.3	2	T198	T61	3
phylter-k155	1800	2	198	0	0.1	3	T110	T158	12
phylter-k155	1498	2	499	1	0.25	1	T113	T29	36
phylter-k155	1678	22	299	1	0.15	2	T110	T26	2
phylter-k155	1486	14	497	3	0.25	2	T180	T192	2
phylter-k155	1591	9	393	7	0.2	1	T116	T9	13
phylter-k155	1699	1	299	1	0.15	2	T198	T102	40
phylter-k155	1900	0	100	0	0.05	1	T53	T158	43
phylter-k155	1688	12	300	0	0.15	2	T91	T196	20
phylter-k155	1597	4	397	2	0.2	3	T72	T198	18
phylter-k155	1394	6	597	3	0.3	2	T68	T97	15
phylter-k155	1496	6	498	0	0.25	3	T157	T124	33
phylter-k155	1398	2	599	1	0.3	3	T118	T48	32
phylter-k155	1436	264	272	28	0.15	1	T114	T186	50
phylter-k155	1598	2	400	0	0.2	2	T182	T192	48
phylter-k155	1498	2	497	3	0.25	4	T101	T55	1
phylter-k155	1576	325	80	19	0.05	3	T133	T115	24
phylter-k155	1396	4	598	2	0.3	1	T72	T198	18
phylter-k155	1399	1	598	2	0.3	3	T38	T134	34
phylter-k155	1592	8	399	1	0.2	1	T167	T19	2
phylter-k155	1581	19	396	4	0.2	1	T110	T26	2
phylter-k155	1386	14	593	7	0.3	3	T37	T24	2
phylter-k155	1494	6	500	0	0.25	1	T38	T46	33
phylter-k155	1698	2	299	1	0.15	2	T13	T87	5
phylter-k155	1496	6	496	2	0.25	3	T94	T180	11
phylter-k155	1431	469	59	41	0.05	2	T46	T167	27
phylter-k155	1889	11	99	1	0.05	1	T181	T154	49
phylter-k155	1884	17	97	2	0.05	3	T2	T92	9
phylter-k155	1596	4	400	0	0.2	4	T74	T152	48
phylter-k155	1880	20	98	2	0.05	2	T7	T48	3
phylter-k155	1193	207	515	85	0.3	2	T170	T97	50
phylter-k155	1595	5	400	0	0.2	1	T101	T55	1
phylter-k155	1394	6	600	0	0.3	2	T20	T115	33
phylter-k155	1783	19	198	0	0.1	3	T130	T4	9
phylter-k155	1882	18	99	1	0.05	1	T179	T106	9
phylter-k155	1896	4	99	1	0.05	2	T129	T108	48
phylter-k155	1393	7	599	1	0.3	1	T23	T195	39
phylter-k155	1799	1	199	1	0.1	1	T30	T18	6
phylter-k155	1799	1	199	1	0.1	1	T17	T197	5
phylter-k155	1486	14	492	8	0.25	1	T57	T196	42
phylter-k155	1488	12	497	3	0.25	2	T126	T3	19
phylter-k155	1491	9	493	7	0.25	1	T152	T81	13
phylter-k155	1887	14	99	0	0.05	3	T29	T32	46
phylter-k155	1695	5	300	0	0.15	2	T177	T124	35
phylter-k155	1893	7	100	0	0.05	1	T145	T197	7
phylter-k155	1391	9	598	2	0.3	2	T132	T99	2
phylter-k155	1794	6	199	1	0.1	2	T145	T197	7
phylter-k155	1429	271	227	73	0.15	2	T197	T36	24
phylter-k155	1889	12	99	0	0.05	3	T192	T97	23
phylter-k155	1393	7	600	0	0.3	1	T4	T127	47
phylter-k155	1695	5	299	1	0.15	1	T88	T49	21
phylter-k155	1696	4	300	0	0.15	1	T136	T196	28
phylter-k155	1694	6	300	0	0.15	2	T70	T194	21
phylter-k155	1596	4	397	3	0.2	2	T154	T145	14
phylter-k155	1597	3	400	0	0.2	2	T190	T7	30
phylter-k155	1494	6	500	0	0.25	1	T124	T144	29
phylter-k155	1693	7	300	0	0.15	2	T50	T1	14
phylter-k155	1790	12	198	0	0.1	3	T91	T196	20
phylter-k155	1483	19	495	3	0.25	3	T23	T61	3
phylter-k155	1664	138	176	22	0.1	3	T145	T172	44
phylter-k155	1496	6	497	1	0.25	3	T6	T94	32
phylter-k155	1799	1	198	2	0.1	2	T54	T121	30
phylter-k155	1597	3	399	1	0.2	2	T15	T6	22
phylter-k155	1797	3	200	0	0.1	1	T184	T189	26
phylter-k155	1594	6	400	0	0.2	2	T73	T198	18
phylter-k155	1887	13	99	1	0.05	2	T86	T61	13
phylter-k155	1593	7	398	2	0.2	2	T24	T115	23
phylter-k155	1596	4	400	0	0.2	1	T38	T134	34
phylter-k155	1899	1	100	0	0.05	1	T76	T133	38
phylter-k155	1398	2	600	0	0.3	4	T128	T160	5
phylter-k155	1896	4	98	2	0.05	2	T173	T53	18
phylter-k155	1700	0	300	0	0.15	4	T85	T88	43
phylter-k155	1498	2	496	4	0.25	2	T36	T83	35
phylter-k155	1392	8	596	4	0.3	3	T97	T73	23
phylter-k155	1900	0	100	0	0.05	1	T137	T102	43
phylter-k155	1799	1	200	0	0.1	2	T118	T135	12
phylter-k155	1597	3	400	0	0.2	1	T193	T143	30
phylter-k155	1500	0	498	2	0.25	1	T132	T33	5
phylter-k155	1484	16	497	3	0.25	1	T130	T4	9
phylter-k155	1897	3	100	0	0.05	2	T19	T7	25
phylter-k155	1275	225	433	67	0.25	2	T86	T33	50
phylter-k155	1894	6	100	0	0.05	1	T82	T57	33
phylter-k155	1496	4	499	1	0.25	2	T85	T8	46
phylter-k155	1697	3	299	1	0.15	1	T18	T11	48
phylter-k155	1798	2	200	0	0.1	1	T60	T59	31
phylter-k155	1798	2	200	0	0.1	1	T72	T39	25
phylter-k155	1498	4	497	1	0.25	3	T145	T197	7
phylter-k155	1395	5	597	3	0.3	2	T17	T127	17
phylter-k155	1395	5	593	7	0.3	2	T178	T149	19
phylter-k155	1398	2	600	0	0.3	1	T72	T39	25
phylter-k155	1499	1	495	5	0.25	1	T51	T91	47
phylter-k155	1594	6	399	1	0.2	2	T83	T45	29
phylter-k155	1795	5	200	0	0.1	1	T140	T102	6
phylter-k155	1494	6	499	1	0.25	1	T57	T44	14
phylter-k155	1686	14	295	5	0.15	3	T64	T39	15
phylter-k155	1893	7	100	0	0.05	2	T73	T127	40
phylter-k155	1598	3	396	3	0.2	3	T18	T5	33
phylter-k155	1493	7	500	0	0.25	1	T151	T183	29
phylter-k155	1595	5	397	3	0.2	2	T112	T100	36
phylter-k155	1597	3	400	0	0.2	2	T48	T185	32
phylter-k155	1397	3	600	0	0.3	2	T184	T189	26
phylter-k155	1265	235	391	109	0.25	1	T41	T97	24
phylter-k155	1797	5	198	0	0.1	3	T54	T88	28
phylter-k155	1399	1	598	2	0.3	1	T190	T7	30
phylter-k155	1486	14	498	2	0.25	4	T171	T4	2
phylter-k155	1598	2	399	1	0.2	2	T138	T99	25
phylter-k155	1395	5	600	0	0.3	3	T140	T102	6
phylter-k155	1692	8	298	2	0.15	1	T20	T32	5
phylter-k155	1596	4	398	2	0.2	5	T70	T194	21
phylter-k155	1594	6	399	1	0.2	1	T93	T77	36
phylter-k155	1684	16	300	0	0.15	1	T145	T32	13
phylter-k155	1727	75	198	0	0.1	3	T79	T172	45
phylter-k155	1431	69	494	6	0.25	2	T98	T160	45
phylter-k155	1798	4	197	1	0.1	3	T151	T102	1
phylter-k155	1500	0	499	1	0.25	2	T25	T56	7
phylter-k155	1396	4	597	3	0.3	2	T14	T148	10
phylter-k155	1390	10	592	8	0.3	2	T199	T109	26
phylter-k155	1500	2	498	0	0.25	3	T131	T67	38
phylter-k155	1395	5	598	2	0.3	3	T197	T161	39
phylter-k155	1892	8	100	0	0.05	1	T107	T198	19
phylter-k155	1597	3	399	1	0.2	1	T70	T7	17
phylter-k155	1697	3	300	0	0.15	2	T198	T127	38
phylter-k155	1598	2	396	4	0.2	4	T136	T110	31
phylter-k155	1496	4	498	2	0.25	1	T166	T34	28
phylter-k155	1881	19	100	0	0.05	2	T138	T132	9
phylter-k155	1697	3	297	3	0.15	4	T127	T134	40
phylter-k155	1395	5	599	1	0.3	2	T36	T83	35
phylter-k155	1599	1	399	1	0.2	1	T169	T25	5
phylter-k155	1592	8	400	0	0.2	1	T195	T75	23
phylter-k155	1789	11	200	0	0.1	2	T30	T47	37
phylter-k155	1696	4	298	2	0.15	3	T144	T195	28
phylter-k155	1796	4	198	2	0.1	4	T12	T59	23
phylter-k155	1792	8	198	2	0.1	2	T56	T112	49
phylter-k155	1498	4	496	2	0.25	3	T47	T32	26
phylter-k155	1796	4	198	2	0.1	1	T74	T52	18
phylter-k155	1693	7	298	2	0.15	2	T153	T30	29
phylter-k155	1595	5	399	1	0.2	1	T2	T60	39
phylter-k155	1376	24	587	13	0.3	2	T13	T161	23
phylter-k155	1396	4	599	1	0.3	1	T182	T29	15
phylter-k155	1799	1	198	2	0.1	1	T143	T121	35
phylter-k155	1590	10	396	4	0.2	1	T140	T110	20
phylter-k155	1418	282	238	62	0.15	3	T133	T115	24
phylter-k155	1387	13	600	0	0.3	1	T3	T68	4
phylter-k155	1395	5	598	2	0.3	1	T198	T101	10
phylter-k155	1600	1	399	0	0.2	3	T76	T133	38
phylter-k155	1599	1	400	0	0.2	4	T25	T56	7
phylter-k155	1186	214	522	78	0.3	2	T120	T43	50
phylter-k155	1372	128	468	32	0.25	2	T192	T160	44
phylter-k155	1496	4	500	0	0.25	1	T23	T66	22
phylter-k155	1796	4	200	0	0.1	2	T159	T119	22
phylter-k155	1684	16	300	0	0.15	1	T97	T32	13
phylter-k155	1497	3	499	1	0.25	1	T85	T31	25
phylter-k155	1899	1	98	2	0.05	2	T38	T134	34
phylter-k155	1793	7	200	0	0.1	1	T187	T11	14
phylter-k155	1387	13	600	0	0.3	2	T150	T36	4
phylter-k155	1587	13	400	0	0.2	1	T101	T126	4
phylter-k155	1203	397	287	113	0.2	1	T77	T87	27
phylter-k155	1392	8	600	0	0.3	1	T129	T57	11
phylter-k155	1899	1	100	0	0.05	1	T138	T147	38
phylter-k155	1600	0	400	0	0.2	2	T139	T88	43
phylter-k155	1694	6	300	0	0.15	3	T194	T41	19
phylter-k155	1598	2	399	1	0.2	4	T2	T58	17
phylter-k155	1598	2	400	0	0.2	1	T198	T102	40
phylter-k155	1592	8	400	0	0.2	5	T129	T57	11
phylter-k155	1195	205	513	87	0.3	2	T114	T186	50
phylter-k155	1878	22	100	0	0.05	1	T16	T190	42
phylter-k155	1694	6	300	0	0.15	3	T175	T76	36
phylter-k155	1888	13	99	0	0.05	3	T167	T106	4
phylter-k155	1597	3	399	1	0.2	1	T142	T10	17
phylter-k155	1884	16	98	2	0.05	1	T199	T109	26
phylter-k155	1897	3	100	0	0.05	1	T175	T194	41
phylter-k155	1781	19	197	3	0.1	2	T140	T194	48
phylter-k155	1398	2	600	0	0.3	1	T51	T80	35
phylter-k155	1895	6	99	0	0.05	3	T114	T60	18
phylter-k155	1892	8	100	0	0.05	2	T37	T28	11
phylter-k155	1796	4	198	2	0.1	1	T88	T49	21
phylter-k155	1496	4	498	2	0.25	1	T58	T103	21
phylter-k155	1501	1	493	5	0.25	3	T7	T19	26
phylter-k155	1496	4	498	2	0.25	2	T188	T47	18
phylter-k155	1799	1	200	0	0.1	1	T138	T147	38
phylter-k155	1788	12	199	1	0.1	1	T2	T176	20
phylter-k155	1694	6	300	0	0.15	1	T158	T11	36
phylter-k155	1678	22	300	0	0.15	2	T82	T155	42
phylter-k155	1797	5	197	1	0.1	3	T174	T115	28
phylter-k155	1898	3	99	0	0.05	3	T184	T189	26
phylter-k155	1494	6	499	1	0.25	1	T50	T1	14
phylter-k155	1793	7	200	0	0.1	1	T101	T107	17
phylter-k155	1391	9	590	10	0.3	1	T16	T49	9
phylter-k155	1595	5	399	1	0.2	1	T78	T150	47
phylter-k155	1699	1	300	0	0.15	3	T25	T56	7
phylter-k155	1493	7	499	1	0.25	1	T197	T161	39
phylter-k155	1114	388	376	122	0.25	3	T139	T123	27
phylter-k155	1397	3	597	3	0.3	1	T57	T86	32
phylter-k155	1901	0	99	0	0.05	3	T57	T177	43
phylter-k155	1798	4	198	0	0.1	3	T20	T59	28
phylter-k155	1696	4	300	0	0.15	2	T172	T49	22
phylter-k155	1778	22	200	0	0.1	1	T12	T36	3
phylter-k155	1897	3	100	0	0.05	1	T192	T23	48
phylter-k155	1794	6	200	0	0.1	1	T161	T158	8
phylter-k155	1898	2	98	2	0.05	1	T20	T59	28
phylter-k155	1542	258	166	34	0.1	1	T38	T181	50
phylter-k155	1670	30	297	3	0.15	2	T128	T77	35
phylter-k155	1698	2	296	4	0.15	2	T29	T187	29
phylter-k155	1494	6	487	13	0.25	1	T119	T198	9
phylter-k155	1497	3	499	1	0.25	2	T117	T95	31
phylter-k155	1695	5	300	0	0.15	2	T20	T124	35
phylter-k155	1599	2	398	1	0.2	3	T171	T77	31
phylter-k155	1783	17	198	2	0.1	2	T64	T39	15
phylter-k155	1600	0	399	1	0.2	2	T139	T115	38
phylter-k155	1694	6	298	2	0.15	2	T77	T112	41
phylter-k155	1598	2	400	0	0.2	2	T165	T132	7
phylter-k155	1493	7	496	4	0.25	1	T127	T105	37
phylter-k155	1597	3	399	1	0.2	2	T117	T95	31
phylter-k155	1886	14	99	1	0.05	2	T194	T198	20
phylter-k155	1794	6	199	1	0.1	2	T193	T127	10
phylter-k155	1796	6	198	0	0.1	3	T4	T127	47
phylter-k155	1394	6	599	1	0.3	2	T146	T99	23
phylter-k155	1694	6	300	0	0.15	3	T7	T19	26
phylter-k155	1881	19	100	0	0.05	4	T173	T48	9
phylter-k155	1393	7	596	4	0.3	1	T114	T140	37
phylter-k155	1393	7	600	0	0.3	4	T13	T7	47
phylter-k155	1687	13	300	0	0.15	3	T197	T176	4
phylter-k155	1794	6	200	0	0.1	2	T72	T198	18
phylter-k155	1793	7	200	0	0.1	4	T109	T111	10
phylter-k155	1486	14	500	0	0.25	2	T86	T61	13
phylter-k155	1878	22	100	0	0.05	4	T140	T194	48
phylter-k155	1597	4	397	2	0.2	3	T29	T187	29
phylter-k155	1695	5	299	1	0.15	1	T2	T60	39
phylter-k155	1697	3	300	0	0.15	1	T166	T177	30
phylter-k155	1697	3	297	3	0.15	2	T136	T110	31
phylter-k155	1594	6	400	0	0.2	1	T108	T4	8
phylter-k155	1795	7	197	1	0.1	3	T129	T57	11
phylter-k155	1692	8	293	7	0.15	1	T106	T156	39
phylter-k155	1893	7	100	0	0.05	1	T27	T24	14
phylter-k155	1799	1	199	1	0.1	2	T47	T72	31
phylter-k155	1587	13	400	0	0.2	2	T197	T176	4
phylter-k155	1894	6	100	0	0.05	2	T57	T86	32
phylter-k155	1798	2	200	0	0.1	1	T128	T160	5
phylter-k155	1686	14	299	1	0.15	2	T194	T198	20
phylter-k155	1595	5	398	2	0.2	1	T73	T127	40
phylter-k155	1879	22	99	0	0.05	3	T130	T177	42
phylter-k155	1586	15	392	7	0.2	3	T34	T40	42
phylter-k155	1394	6	598	2	0.3	2	T7	T68	41
phylter-k155	1596	4	399	1	0.2	1	T151	T102	1
phylter-k155	1397	3	600	0	0.3	1	T70	T115	5
phylter-k155	1396	4	597	3	0.3	2	T77	T112	41
phylter-k155	1394	6	600	0	0.3	1	T96	T105	47
phylter-k155	1585	16	399	0	0.2	3	T86	T61	13
phylter-k155	1596	4	400	0	0.2	2	T76	T57	35
phylter-k155	1894	6	100	0	0.05	2	T73	T198	18
phylter-k155	1699	1	300	0	0.15	2	T172	T111	6
phylter-k155	1391	9	599	1	0.3	1	T41	T190	23
phylter-k155	1394	6	598	2	0.3	2	T159	T8	49
phylter-k155	1693	7	300	0	0.15	3	T87	T186	16
phylter-k155	1796	4	200	0	0.1	1	T76	T57	35
phylter-k155	1594	6	399	1	0.2	2	T126	T117	39
phylter-k155	1389	11	599	1	0.3	1	T67	T68	29
phylter-k155	1472	330	184	14	0.1	3	T41	T97	24
phylter-k155	1898	2	99	1	0.05	2	T118	T48	32
phylter-k155	1784	16	199	1	0.1	5	T180	T192	2
phylter-k155	1697	3	300	0	0.15	2	T48	T185	32
phylter-k155	1400	0	596	4	0.3	1	T44	T178	12
phylter-k155	1498	2	499	1	0.25	2	T195	T176	34
phylter-k155	1894	6	100	0	0.05	2	T36	T83	35
phylter-k155	1546	154	294	6	0.15	2	T58	T16	44
phylter-k155	1494	6	499	1	0.25	1	T146	T99	23
phylter-k155	1697	3	300	0	0.15	1	T19	T7	25
phylter-k155	1794	6	198	2	0.1	2	T37	T28	11
phylter-k155	1895	6	99	0	0.05	3	T73	T179	46
phylter-k155	1692	8	289	11	0.15	1	T138	T132	9
phylter-k155	1825	75	100	0	0.05	2	T172	T69	45
phylter-k155	1894	6	100	0	0.05	2	T88	T49	21
phylter-k155	1794	6	199	1	0.1	1	T77	T112	41
phylter-k155	1591	9	396	4	0.2	2	T6	T112	2
phylter-k155	1696	4	298	2	0.15	4	T100	T97	31
phylter-k155	1494	6	500	0	0.25	2	T88	T49	21
phylter-k155	1793	7	198	2	0.1	2	T17	T127	17
phylter-k155	1384	16	597	3	0.3	3	T185	T6	9
phylter-k155	1797	3	200	0	0.1	2	T113	T29	36
phylter-k155	1795	5	199	1	0.1	2	T30	T83	35
phylter-k155	1890	10	100	0	0.05	2	T117	T137	40
phylter-k155	1499	3	498	0	0.25	3	T200	T123	30
phylter-k155	1693	7	300	0	0.15	1	T102	T113	10
phylter-k155	1588	12	390	10	0.2	2	T191	T91	3
phylter-k155	1887	13	100	0	0.05	2	T135	T177	4
phylter-k155	1895	5	99	1	0.05	2	T131	T102	21
phylter-k155	1592	8	399	1	0.2	2	T153	T30	29
phylter-k155	1695	5	299	1	0.15	3	T131	T102	21
phylter-k155	1594	6	400	0	0.2	1	T27	T15	47
phylter-k155	1487	13	497	3	0.25	1	T97	T32	13
phylter-k155	1646	154	194	6	0.1	1	T192	T160	44
phylter-k155	1699	1	300	0	0.15	2	T149	T105	31
phylter-k155	1491	9	496	4	0.25	2	T62	T40	20
phylter-k155	1500	0	500	0	0.25	2	T132	T61	32
phylter-k155	1498	4	497	1	0.25	3	T118	T78	17
phylter-k155	1897	3	100	0	0.05	1	T63	T46	7
phylter-k155	1396	4	598	2	0.3	4	T129	T95	46
phylter-k155	1596	4	398	2	0.2	2	T145	T94	8
phylter-k155	1693	7	300	0	0.15	1	T181	T21	47
phylter-k155	1493	7	499	1	0.25	2	T71	T144	11
phylter-k155	1793	7	200	0	0.1	2	T27	T15	47
phylter-k155	1594	6	399	1	0.2	2	T23	T195	39
phylter-k155	1392	8	595	5	0.3	5	T121	T93	5
phylter-k155	1595	6	398	1	0.2	3	T50	T148	10
phylter-k155	1799	1	199	1	0.1	5	T131	T67	38
phylter-k155	1500	0	500	0	0.25	2	T139	T88	43
phylter-k155	1592	8	399	1	0.2	1	T86	T133	46
phylter-k155	1497	3	498	2	0.25	2	T56	T28	28
phylter-k155	1896	4	100	0	0.05	2	T44	T178	12
phylter-k155	1692	8	299	1	0.15	2	T7	T68	41
phylter-k155	1498	2	499	1	0.25	1	T18	T11	48
phylter-k155	1893	7	98	2	0.05	1	T48	T148	12
phylter-k155	1493	7	500	0	0.25	4	T193	T127	10
phylter-k155	1699	1	299	1	0.15	2	T169	T25	5
phylter-k155	1798	2	199	1	0.1	1	T118	T48	32
phylter-k155	1794	6	200	0	0.1	1	T114	T60	18
phylter-k155	1494	6	500	0	0.25	1	T167	T124	33
phylter-k155	1495	5	498	2	0.25	2	T15	T112	17
phylter-k155	1796	4	200	0	0.1	1	T172	T49	22
phylter-k155	1251	249	405	95	0.25	1	T134	T88	24
phylter-k155	1896	5	98	1	0.05	3	T136	T110	31
phylter-k155	1370	130	470	30	0.25	2	T72	T138	44
phylter-k155	1494	6	497	3	0.25	1	T33	T31	19
phylter-k155	1471	29	492	8	0.25	1	T13	T161	23
phylter-k155	1591	9	400	0	0.2	1	T85	T79	31
phylter-k155	1613	287	95	5	0.05	1	T19	T145	50
phylter-k155	1594	7	395	4	0.2	3	T171	T24	37
phylter-k155	1498	2	499	1	0.25	4	T24	T150	34
phylter-k155	1415	87	425	73	0.25	3	T144	T28	44
phylter-k155	1395	5	599	1	0.3	5	T133	T156	49
phylter-k155	1396	4	598	2	0.3	1	T69	T199	8
phylter-k155	1486	14	500	0	0.25	2	T98	T46	13
phylter-k155	1500	0	500	0	0.25	2	T136	T105	40
phylter-k155	1502	0	498	0	0.25	3	T130	T52	43
phylter-k155	1396	4	598	2	0.3	3	T84	T13	33
phylter-k155	1693	7	300	0	0.15	1	T93	T77	36
phylter-k155	1596	4	398	2	0.2	1	T70	T151	14
phylter-k155	1894	7	99	0	0.05	3	T191	T198	16
phylter-k155	1491	9	496	4	0.25	1	T2	T176	20
phylter-k155	1593	7	400	0	0.2	1	T50	T1	14
phylter-k155	1492	8	498	2	0.25	2	T17	T198	23
phylter-k155	1399	101	441	59	0.25	1	T85	T19	44
phylter-k155	1499	1	499	1	0.25	2	T128	T160	5
phylter-k155	1694	6	300	0	0.15	5	T192	T52	31
phylter-k155	1597	3	400	0	0.2	1	T144	T46	7
phylter-k155	1397	3	597	3	0.3	1	T104	T184	19
phylter-k155	1338	62	587	13	0.3	4	T9	T199	45
phylter-k155	1787	13	200	0	0.1	1	T101	T126	4
phylter-k155	1694	6	299	1	0.15	3	T151	T183	29
phylter-k155	1498	4	496	2	0.25	3	T179	T163	46
phylter-k155	1900	0	100	0	0.05	4	T106	T158	43
phylter-k155	1371	230	337	62	0.2	3	T19	T145	50
phylter-k155	1889	11	100	0	0.05	1	T127	T105	37
phylter-k155	1489	11	498	2	0.25	1	T6	T112	2
phylter-k155	1062	338	428	172	0.3	3	T77	T87	27
phylter-k155	1796	4	200	0	0.1	2	T85	T31	25
phylter-k155	1780	22	198	0	0.1	3	T109	T71	42
phylter-k155	1897	3	99	1	0.05	2	T90	T29	12
phylter-k155	1694	6	300	0	0.15	1	T78	T150	47
phylter-k155	1896	4	100	0	0.05	1	T65	T181	22
phylter-k155	1894	6	100	0	0.05	1	T2	T60	39
phylter-k155	1793	7	200	0	0.1	2	T7	T15	49
phylter-k155	1596	4	398	2	0.2	1	T174	T115	28
phylter-k155	1498	4	494	4	0.25	3	T103	T190	12
phylter-k155	1492	8	500	0	0.25	1	T113	T15	49
phylter-k155	1792	8	189	11	0.1	1	T179	T106	9
phylter-k155	1394	6	596	4	0.3	2	T99	T180	26
phylter-k155	1682	18	299	1	0.15	1	T130	T4	9
phylter-k155	1797	3	200	0	0.1	2	T2	T142	34
phylter-k155	1266	434	224	76	0.15	4	T9	T123	27
phylter-k155	1797	5	196	2	0.1	3	T57	T44	14
phylter-k155	1694	6	300	0	0.15	1	T133	T156	49
phylter-k155	1397	3	597	3	0.3	1	T182	T200	33
phylter-k155	1392	8	598	2	0.3	1	T115	T171	15
phylter-k155	1388	12	597	3	0.3	3	T169	T170	2
phylter-k155	1398	2	598	2	0.3	1	T126	T142	22
phylter-k155	1799	3	198	0	0.1	3	T1	T117	30
phylter-k155	1397	3	596	4	0.3	2	T70	T42	16
phylter-k155	1398	2	598	2	0.3	1	T20	T59	28
phylter-k155	1284	116	556	44	0.3	4	T125	T69	44
phylter-k155	1597	3	396	4	0.2	4	T71	T37	10
phylter-k155	1396	4	599	1	0.3	2	T101	T55	1
phylter-k155	1894	6	100	0	0.05	2	T6	T118	21
phylter-k155	1695	5	298	2	0.15	4	T28	T86	32
phylter-k155	1896	4	100	0	0.05	2	T15	T6	22
phylter-k155	1688	12	298	2	0.15	1	T29	T32	46
phylter-k155	1892	8	98	2	0.05	1	T44	T128	25
phylter-k155	1696	4	299	1	0.15	3	T76	T108	32
phylter-k155	1893	7	99	1	0.05	4	T32	T188	26
phylter-k155	1498	2	496	4	0.25	1	T200	T107	33
phylter-k155	1596	4	399	1	0.2	1	T35	T120	12
phylter-k155	1396	4	599	1	0.3	1	T158	T11	36
phylter-k155	1486	14	493	7	0.25	4	T140	T194	48
phylter-k155	1399	1	600	0	0.3	1	T142	T128	6
phylter-k155	1596	4	399	1	0.2	5	T56	T28	28
phylter-k155	1297	203	411	89	0.25	4	T89	T145	50
phylter-k155	1545	255	163	37	0.1	1	T114	T186	50
phylter-k155	1894	6	99	1	0.05	1	T96	T167	14
phylter-k155	1599	2	398	1	0.2	3	T13	T87	5
phylter-k155	1396	4	598	2	0.3	1	T28	T86	32
phylter-k155	1788	12	200	0	0.1	1	T181	T154	49
phylter-k155	1497	5	496	2	0.25	3	T35	T7	16
phylter-k155	1497	3	500	0	0.25	2	T193	T143	30
phylter-k155	1396	4	598	2	0.3	2	T145	T94	8
phylter-k155	1597	3	395	5	0.2	1	T197	T161	39
phylter-k155	1502	0	498	0	0.25	3	T148	T130	43
phylter-k155	1695	5	297	3	0.15	5	T94	T180	11
phylter-k155	1800	0	200	0	0.1	2	T57	T177	43
phylter-k155	1397	3	597	3	0.3	6	T175	T76	36
phylter-k155	1678	22	300	0	0.15	3	T12	T36	3
phylter-k155	1498	4	496	2	0.25	3	T96	T105	47
phylter-k155	1496	4	499	1	0.25	1	T82	T190	6
phylter-k155	1798	2	199	1	0.1	1	T148	T86	25
phylter-k155	1391	9	596	4	0.3	1	T98	T22	41
phylter-k155	1797	5	198	0	0.1	3	T46	T70	1
phylter-k155	1492	8	498	2	0.25	1	T44	T128	25
phylter-k155	1463	137	377	23	0.2	1	T30	T188	44
phylter-k155	1496	4	498	2	0.25	1	T50	T138	21
phylter-k155	1387	13	600	0	0.3	2	T14	T180	4
phylter-k155	1317	83	523	77	0.3	1	T150	T137	44
phylter-k155	1897	3	100	0	0.05	5	T185	T142	34
phylter-k155	1688	12	300	0	0.15	3	T178	T149	19
phylter-k155	1792	8	200	0	0.1	2	T196	T8	26
phylter-k155	1397	3	596	4	0.3	1	T6	T94	32
phylter-k155	1594	6	400	0	0.2	2	T6	T118	21
phylter-k155	1256	246	400	98	0.25	3	T90	T10	24
phylter-k155	1596	4	400	0	0.2	1	T159	T119	22
phylter-k155	1396	4	597	3	0.3	2	T109	T111	10
phylter-k155	1697	3	299	1	0.15	1	T31	T191	25
phylter-k155	1893	8	99	0	0.05	3	T71	T144	11
phylter-k155	1381	19	600	0	0.3	3	T179	T106	9
phylter-k155	1490	10	496	4	0.25	1	T29	T32	46
phylter-k155	1771	129	69	31	0.05	1	T30	T188	44
phylter-k155	1792	8	198	2	0.1	2	T20	T32	5
phylter-k155	1878	22	100	0	0.05	2	T82	T155	42
phylter-k155	1593	7	396	4	0.2	1	T181	T154	49
phylter-k155	1897	3	100	0	0.05	2	T108	T86	6
phylter-k155	1684	16	300	0	0.15	2	T171	T4	2
phylter-k155	1890	10	98	2	0.05	1	T92	T64	49
phylter-k155	1396	4	596	4	0.3	2	T7	T15	49
phylter-k155	1591	9	393	7	0.2	1	T81	T36	13
phylter-k155	1896	4	100	0	0.05	2	T136	T196	28
phylter-k155	1899	1	98	2	0.05	2	T200	T123	30
phylter-k155	1743	57	182	18	0.1	1	T172	T69	45
phylter-k155	1794	6	200	0	0.1	2	T38	T46	33
phylter-k155	1496	6	498	0	0.25	3	T109	T76	36
phylter-k155	1794	6	200	0	0.1	1	T18	T5	33
phylter-k155	1894	6	100	0	0.05	1	T13	T7	47
phylter-k155	1894	6	100	0	0.05	1	T100	T97	31
phylter-k155	1498	2	499	1	0.25	1	T57	T160	17
phylter-k155	1496	4	497	3	0.25	2	T198	T101	10
phylter-k155	1396	4	597	3	0.3	2	T96	T167	14
phylter-k155	1894	6	100	0	0.05	1	T159	T58	33
phylter-k155	1600	0	397	3	0.2	4	T57	T160	17
phylter-k155	1694	6	300	0	0.15	2	T126	T100	21
phylter-k155	1599	1	399	1	0.2	2	T60	T59	31
phylter-k155	1035	365	455	145	0.3	2	T17	T30	27
phylter-k155	1591	10	395	4	0.2	3	T29	T32	46
phylter-k155	1339	61	586	14	0.3	2	T32	T37	45
phylter-k155	1894	6	99	1	0.05	5	T127	T134	40
phylter-k155	1400	0	600	0	0.3	3	T139	T88	43
phylter-k155	1794	6	200	0	0.1	2	T107	T167	8
phylter-k155	1681	19	298	2	0.15	2	T37	T24	2
phylter-k155	1261	439	229	71	0.15	1	T105	T80	27
phylter-k155	1681	19	297	3	0.15	2	T20	T106	3
phylter-k155	1694	6	299	1	0.15	1	T6	T128	16
phylter-k155	1590	10	399	1	0.2	1	T56	T112	49
phylter-k155	1394	6	600	0	0.3	1	T200	T151	14
phylter-k155	1496	4	497	3	0.25	4	T23	T171	10
phylter-k155	1599	1	395	5	0.2	1	T139	T175	47
phylter-k155	1395	5	598	2	0.3	2	T126	T117	39
phylter-k155	1584	17	395	4	0.2	3	T140	T194	48
phylter-k155	1595	6	399	0	0.2	3	T172	T179	46
phylter-k155	1695	5	300	0	0.15	4	T25	T57	1
phylter-k155	1481	119	359	41	0.2	1	T125	T69	44
phylter-k155	1691	9	299	1	0.15	3	T154	T107	48
phylter-k155	1795	5	200	0	0.1	4	T88	T120	12
phylter-k155	1497	3	498	2	0.25	1	T88	T180	19
phylter-k155	1594	6	400	0	0.2	2	T136	T144	8
phylter-k155	1795	5	200	0	0.1	1	T104	T131	1
phylter-k155	1396	4	599	1	0.3	1	T7	T30	32
phylter-k155	1397	3	599	1	0.3	3	T159	T119	22
phylter-k155	1693	7	300	0	0.15	2	T96	T167	14
phylter-k155	1480	20	498	2	0.25	2	T67	T22	3
phylter-k155	1894	7	99	0	0.05	3	T102	T158	16
phylter-k155	1897	3	100	0	0.05	1	T1	T117	30
phylter-k155	1890	11	98	1	0.05	3	T107	T17	29
phylter-k155	1783	17	195	5	0.1	2	T191	T91	3
phylter-k155	1290	410	200	100	0.15	2	T77	T87	27
phylter-k155	1498	2	497	3	0.25	1	T151	T102	1
phylter-k155	1600	0	400	0	0.2	2	T53	T158	43
phylter-k155	1897	7	96	0	0.05	6	T102	T113	10
phylter-k155	1794	6	200	0	0.1	2	T159	T58	33
phylter-k155	1796	4	200	0	0.1	1	T4	T5	22
phylter-k155	1379	221	329	71	0.2	2	T193	T33	50
phylter-k155	1697	3	300	0	0.15	1	T49	T114	30
phylter-k155	1395	5	597	3	0.3	2	T108	T137	11
phylter-k155	1535	265	173	27	0.1	2	T89	T145	50
phylter-k155	1324	276	332	68	0.2	1	T134	T88	24
phylter-k155	1796	6	198	0	0.1	3	T172	T179	46
phylter-k155	1696	4	300	0	0.15	1	T59	T136	28
phylter-k155	1897	3	100	0	0.05	2	T143	T121	35
phylter-k155	1497	3	495	5	0.25	2	T23	T195	39
phylter-k155	1400	0	599	1	0.3	2	T139	T115	38
phylter-k155	1364	236	344	56	0.2	1	T118	T90	50
phylter-k155	1496	4	495	5	0.25	2	T153	T30	29
phylter-k155	1696	4	300	0	0.15	1	T70	T7	17
phylter-k155	1249	251	459	41	0.25	5	T136	T75	50
phylter-k155	1496	6	496	2	0.25	3	T16	T97	15
phylter-k155	1483	17	495	5	0.25	1	T141	T66	42
phylter-k155	1791	11	198	0	0.1	3	T68	T126	37
phylter-k155	1334	466	156	44	0.1	2	T18	T89	27
phylter-k155	1502	0	498	0	0.25	3	T86	T59	43
phylter-k155	1399	1	598	2	0.3	1	T63	T46	7
phylter-k155	1825	75	100	0	0.05	2	T47	T130	45
phylter-k155	1882	18	96	4	0.05	2	T184	T14	42
phylter-k155	1586	15	398	1	0.2	3	T171	T4	2
phylter-k155	1495	5	500	0	0.25	1	T177	T124	35
phylter-k155	1796	6	198	0	0.1	3	T96	T105	47
phylter-k155	1395	5	596	4	0.3	1	T153	T30	29
phylter-k155	1778	22	200	0	0.1	1	T130	T177	42
phylter-k155	1789	13	198	0	0.1	3	T197	T176	4
phylter-k155	1693	7	299	1	0.15	2	T37	T28	11
phylter-k155	1691	9	298	2	0.15	1	T13	T160	37
phylter-k155	1598	2	399	1	0.2	2	T94	T171	34
phylter-k155	1396	4	597	3	0.3	1	T27	T24	14
phylter-k155	1394	6	593	7	0.3	1	T2	T176	20
phylter-k155	1794	6	200	0	0.1	2	T47	T32	26
phylter-k155	1591	9	398	2	0.2	2	T67	T68	29
phylter-k155	1800	2	195	3	0.1	6	T10	T8	1
phylter-k155	1798	2	195	5	0.1	1	T151	T183	29
phylter-k155	1599	2	398	1	0.2	3	T113	T29	36
phylter-k155	1597	3	399	1	0.2	2	T20	T124	35
phylter-k155	1891	9	98	2	0.05	1	T51	T110	40
phylter-k155	1494	6	498	2	0.25	2	T53	T162	11
phylter-k155	1586	14	392	8	0.2	2	T16	T190	42
phylter-k155	1598	2	398	2	0.2	1	T48	T177	28
phylter-k155	1396	4	600	0	0.3	2	T14	T40	34
phylter-k155	1594	6	399	1	0.2	2	T6	T128	16
phylter-k155	1687	13	297	3	0.15	1	T177	T109	13
phylter-k155	1885	15	100	0	0.05	2	T22	T11	29
phylter-k155	1484	16	494	6	0.25	2	T130	T177	42
phylter-k155	1694	6	300	0	0.15	1	T106	T158	8
phylter-k155	1395	5	596	4	0.3	2	T33	T31	19
phylter-k155	1398	2	598	2	0.3	4	T142	T10	17
phylter-k155	1283	117	557	43	0.3	3	T145	T172	44
phylter-k155	1898	2	100	0	0.05	1	T8	T54	38
phylter-k155	1498	4	498	0	0.25	3	T181	T9	36
phylter-k155	1497	5	497	1	0.25	3	T29	T187	29
phylter-k155	1698	2	300	0	0.15	2	T17	T197	5
phylter-k155	1597	3	397	3	0.2	2	T126	T100	21
phylter-k155	1693	7	297	3	0.15	4	T117	T137	40
phylter-k155	1493	7	497	3	0.25	1	T115	T171	15
phylter-k155	1487	13	500	0	0.25	1	T101	T126	4
phylter-k155	1654	146	186	14	0.1	4	T144	T28	44
phylter-k155	1894	6	99	1	0.05	2	T101	T107	17
phylter-k155	1392	8	599	1	0.3	1	T191	T161	39
phylter-k155	1595	5	399	1	0.2	2	T58	T103	21
phylter-k155	1697	3	297	3	0.15	1	T125	T141	18
phylter-k155	1397	3	598	2	0.3	2	T46	T70	1
phylter-k155	1396	4	599	1	0.3	1	T10	T8	1
phylter-k155	1786	16	197	1	0.1	3	T71	T144	20
phylter-k155	1397	3	598	2	0.3	4	T145	T197	7
phylter-k155	1694	6	300	0	0.15	1	T174	T115	28
phylter-k155	1497	3	499	1	0.25	1	T158	T11	36
phylter-k155	1697	3	300	0	0.15	2	T94	T171	34
phylter-k155	1400	0	598	2	0.3	2	T8	T54	38
phylter-k155	1793	7	199	1	0.1	1	T125	T141	18
phylter-k155	1496	4	497	3	0.25	2	T187	T11	14
phylter-k155	1397	3	600	0	0.3	4	T138	T99	25
phylter-k155	1597	3	397	3	0.2	2	T166	T34	28
phylter-k155	1396	4	597	3	0.3	1	T193	T113	14
phylter-k155	1382	18	599	1	0.3	2	T173	T48	9
phylter-k155	1589	11	400	0	0.2	2	T30	T47	37
phylter-k155	1792	8	200	0	0.1	2	T111	T137	11
phylter-k155	1688	12	299	1	0.15	1	T121	T93	5
phylter-k155	1879	21	99	1	0.05	2	T57	T196	42
phylter-k155	1600	0	400	0	0.2	2	T52	T29	6
phylter-k155	1496	4	497	3	0.25	2	T14	T148	10
phylter-k155	1895	5	100	0	0.05	2	T46	T70	1
phylter-k155	1796	4	199	1	0.1	2	T139	T159	15
phylter-k155	1394	6	600	0	0.3	1	T29	T187	29
