BP-HMM	1500	0	0	500	0.25	1	T77	T63	22
BP-HMM	1488	12	500	0	0.25	1	T10	T30	10
BP-HMM	1899	1	100	0	0.05	1	T88	T120	12
BP-HMM	1781	119	0	100	0.05	1	T114	T140	37
BP-HMM	1397	403	175	25	0.1	2	T118	T78	17
BP-HMM	1691	9	0	300	0.15	1	T119	T198	9
BP-HMM	1893	7	0	100	0.05	2	T8	T13	35
BP-HMM	1494	8	0	498	0.25	3	T54	T121	30
BP-HMM	1110	390	376	124	0.25	4	T137	T3	18
BP-HMM	1306	94	30	570	0.3	3	T115	T44	46
BP-HMM	1700	0	300	0	0.15	1	T148	T130	43
BP-HMM	1599	1	4	396	0.2	1	T100	T97	31
BP-HMM	1600	0	0	400	0.2	2	T200	T123	30
BP-HMM	1397	3	1	599	0.3	2	T90	T10	24
BP-HMM	1450	350	8	192	0.1	1	T151	T134	24
BP-HMM	1195	705	3	97	0.05	1	T193	T127	10
BP-HMM	1586	15	5	394	0.2	3	T102	T113	10
BP-HMM	1891	10	2	97	0.05	3	T106	T158	8
BP-HMM	1776	26	0	198	0.1	3	T50	T138	21
BP-HMM	1122	378	64	436	0.25	4	T105	T136	49
BP-HMM	1183	418	329	70	0.2	3	T181	T9	36
BP-HMM	1398	2	28	572	0.3	2	T106	T158	43
BP-HMM	1229	471	236	64	0.15	1	T113	T29	36
BP-HMM	1700	0	300	0	0.15	1	T166	T34	28
BP-HMM	1801	1	198	0	0.1	3	T46	T167	27
BP-HMM	1586	14	0	400	0.2	1	T51	T91	47
BP-HMM	1400	0	591	9	0.3	4	T85	T19	44
BP-HMM	1897	3	0	100	0.05	1	T52	T29	6
BP-HMM	1400	0	0	600	0.3	1	T24	T115	23
BP-HMM	1511	89	377	23	0.2	1	T137	T102	43
BP-HMM	1726	175	97	2	0.05	3	T144	T28	44
BP-HMM	1900	0	100	0	0.05	2	T71	T37	10
BP-HMM	1600	0	17	383	0.2	2	T141	T66	42
BP-HMM	1500	0	8	492	0.25	1	T107	T17	29
BP-HMM	1502	0	0	498	0.25	3	T133	T140	7
BP-HMM	1700	0	300	0	0.15	1	T84	T104	46
BP-HMM	1800	0	200	0	0.1	2	T124	T144	29
BP-HMM	1811	89	1	99	0.05	2	T185	T6	9
BP-HMM	1400	0	2	598	0.3	2	T108	T86	6
BP-HMM	1800	0	200	0	0.1	1	T15	T112	17
BP-HMM	1799	1	200	0	0.1	1	T48	T185	32
BP-HMM	1600	0	400	0	0.2	1	T37	T28	11
BP-HMM	1580	20	0	400	0.2	1	T114	T152	3
BP-HMM	1550	150	300	0	0.15	2	T137	T102	43
BP-HMM	1700	0	0	300	0.15	1	T58	T103	21
BP-HMM	1594	6	0	400	0.2	1	T96	T167	14
BP-HMM	1800	0	200	0	0.1	2	T116	T22	3
BP-HMM	1600	0	8	392	0.2	1	T7	T68	41
BP-HMM	1492	8	0	500	0.25	1	T14	T180	4
BP-HMM	1800	0	8	192	0.1	1	T20	T124	35
BP-HMM	1800	0	0	200	0.1	4	T133	T140	7
BP-HMM	1400	0	2	598	0.3	2	T192	T68	26
BP-HMM	1601	0	399	0	0.2	3	T148	T130	43
BP-HMM	1400	0	2	598	0.3	2	T165	T132	7
BP-HMM	1700	0	2	298	0.15	1	T175	T194	41
BP-HMM	1688	12	4	296	0.15	4	T54	T88	28
BP-HMM	1800	0	0	200	0.1	1	T115	T171	15
BP-HMM	1899	1	100	0	0.05	1	T168	T147	30
BP-HMM	1400	0	4	596	0.3	1	T107	T198	19
BP-HMM	1700	0	0	300	0.15	3	T149	T49	21
BP-HMM	1789	11	1	199	0.1	2	T19	T7	25
BP-HMM	1500	0	0	500	0.25	1	T12	T60	34
BP-HMM	1600	0	6	394	0.2	1	T29	T116	20
BP-HMM	1800	0	4	196	0.1	2	T13	T7	47
BP-HMM	1600	0	400	0	0.2	1	T194	T41	19
BP-HMM	1898	2	0	100	0.05	2	T177	T124	35
BP-HMM	1628	172	186	14	0.1	1	T137	T102	43
BP-HMM	1600	0	2	398	0.2	1	T91	T196	20
BP-HMM	1518	182	253	47	0.15	1	T85	T31	25
BP-HMM	1900	0	0	100	0.05	1	T90	T80	40
BP-HMM	1489	13	1	497	0.25	3	T57	T86	32
BP-HMM	1599	2	0	399	0.2	3	T137	T106	1
BP-HMM	1900	0	100	0	0.05	2	T85	T19	44
BP-HMM	1600	0	1	399	0.2	2	T59	T136	28
BP-HMM	1469	31	0	500	0.25	1	T185	T6	9
BP-HMM	1395	5	0	600	0.3	1	T111	T137	11
BP-HMM	1900	0	100	0	0.05	1	T136	T54	24
BP-HMM	1500	2	498	0	0.25	3	T64	T181	41
BP-HMM	1700	0	300	0	0.15	2	T150	T36	4
BP-HMM	1599	1	0	400	0.2	2	T83	T62	47
BP-HMM	1022	378	461	139	0.3	2	T16	T97	15
BP-HMM	1447	253	221	79	0.15	1	T30	T47	37
BP-HMM	1399	1	600	0	0.3	3	T131	T67	38
BP-HMM	1489	11	0	500	0.25	2	T8	T54	38
BP-HMM	1601	0	0	399	0.2	3	T12	T60	34
BP-HMM	1500	0	500	0	0.25	2	T68	T111	6
BP-HMM	1400	0	600	0	0.3	1	T172	T111	6
BP-HMM	1600	0	2	398	0.2	1	T84	T13	33
BP-HMM	1486	14	4	496	0.25	1	T17	T197	5
BP-HMM	1699	1	300	0	0.15	1	T15	T6	22
BP-HMM	1501	1	0	498	0.25	3	T169	T170	2
BP-HMM	1400	0	2	598	0.3	3	T157	T124	33
BP-HMM	1596	5	6	393	0.2	3	T143	T121	35
BP-HMM	1500	0	0	500	0.25	1	T198	T102	40
BP-HMM	1577	223	36	164	0.1	1	T136	T196	28
BP-HMM	1891	9	2	98	0.05	1	T139	T102	21
BP-HMM	1872	29	0	99	0.05	3	T7	T68	41
BP-HMM	1398	2	5	595	0.3	3	T68	T170	41
BP-HMM	1582	19	0	399	0.2	3	T137	T116	39
BP-HMM	1800	0	0	200	0.1	1	T85	T79	31
BP-HMM	1396	4	2	598	0.3	2	T184	T30	49
BP-HMM	1500	0	0	500	0.25	2	T136	T110	31
BP-HMM	1346	354	234	66	0.15	1	T103	T130	27
BP-HMM	1900	0	0	100	0.05	1	T51	T152	38
BP-HMM	1699	1	14	286	0.15	2	T98	T22	41
BP-HMM	1121	381	411	87	0.25	3	T30	T47	37
BP-HMM	1514	286	187	13	0.1	2	T41	T66	22
BP-HMM	1895	6	33	66	0.05	3	T148	T86	25
BP-HMM	1800	0	2	198	0.1	1	T157	T198	11
BP-HMM	1700	0	4	296	0.15	1	T1	T117	30
BP-HMM	1900	1	99	0	0.05	3	T69	T33	19
BP-HMM	1589	11	3	397	0.2	2	T63	T46	7
BP-HMM	1900	0	2	98	0.05	2	T176	T152	48
BP-HMM	1900	1	99	0	0.05	3	T138	T99	25
BP-HMM	1573	27	0	400	0.2	1	T57	T44	14
BP-HMM	1498	2	0	500	0.25	1	T167	T106	4
BP-HMM	1595	5	0	400	0.2	1	T24	T150	34
BP-HMM	1900	1	99	0	0.05	3	T88	T180	19
BP-HMM	1272	328	321	79	0.2	1	T125	T168	16
BP-HMM	1800	0	0	200	0.1	1	T140	T110	20
BP-HMM	1700	0	0	300	0.15	1	T83	T138	39
BP-HMM	1697	3	0	300	0.15	1	T57	T44	14
BP-HMM	1397	3	0	600	0.3	1	T1	T117	30
BP-HMM	1901	0	0	99	0.05	3	T58	T103	21
BP-HMM	1518	83	28	371	0.2	3	T125	T64	1
BP-HMM	1699	1	300	0	0.15	1	T50	T148	10
BP-HMM	1799	1	200	0	0.1	1	T110	T26	2
BP-HMM	1900	0	100	0	0.05	1	T194	T41	19
BP-HMM	1075	325	488	112	0.3	3	T31	T191	25
BP-HMM	1493	107	0	400	0.2	2	T197	T36	24
BP-HMM	1067	733	0	200	0.1	1	T69	T86	27
BP-HMM	1400	0	2	598	0.3	3	T43	T112	41
BP-HMM	1697	3	0	300	0.15	1	T140	T194	48
BP-HMM	1589	11	1	399	0.2	1	T118	T135	12
BP-HMM	1259	641	80	20	0.05	2	T110	T26	2
BP-HMM	1699	1	0	300	0.15	1	T73	T127	40
BP-HMM	1898	3	3	96	0.05	3	T109	T71	42
BP-HMM	1786	14	1	199	0.1	2	T106	T158	8
BP-HMM	1897	3	6	94	0.05	2	T184	T30	49
BP-HMM	1530	170	1	299	0.15	3	T120	T43	50
BP-HMM	1544	356	68	32	0.05	2	T144	T195	28
BP-HMM	1534	366	94	6	0.05	2	T14	T40	34
BP-HMM	1399	1	37	563	0.3	1	T144	T28	44
BP-HMM	1771	29	200	0	0.1	2	T142	T10	17
BP-HMM	1400	0	600	0	0.3	3	T12	T36	3
BP-HMM	1399	1	0	600	0.3	2	T24	T150	34
BP-HMM	1699	1	300	0	0.15	3	T69	T33	19
BP-HMM	1557	44	0	399	0.2	3	T145	T172	44
BP-HMM	1482	20	498	0	0.25	3	T132	T99	2
BP-HMM	1439	161	387	13	0.2	1	T41	T66	22
BP-HMM	1899	1	0	100	0.05	1	T85	T79	31
BP-HMM	1791	11	2	196	0.1	3	T86	T61	13
BP-HMM	1700	0	0	300	0.15	1	T62	T40	20
BP-HMM	1596	4	8	392	0.2	2	T175	T81	18
BP-HMM	742	758	303	197	0.25	2	T16	T49	9
BP-HMM	1894	7	1	98	0.05	3	T166	T177	30
BP-HMM	1801	1	1	197	0.1	3	T78	T150	47
BP-HMM	1346	354	239	61	0.15	4	T125	T168	16
BP-HMM	1501	1	8	490	0.25	3	T3	T68	4
BP-HMM	1501	1	498	0	0.25	3	T22	T11	29
BP-HMM	1500	0	500	0	0.25	2	T140	T102	6
BP-HMM	1800	0	4	196	0.1	4	T70	T7	17
BP-HMM	1132	268	0	600	0.3	1	T69	T86	27
BP-HMM	1900	0	100	0	0.05	2	T171	T4	2
BP-HMM	1397	3	0	600	0.3	1	T86	T61	13
BP-HMM	1799	1	200	0	0.1	1	T14	T148	10
BP-HMM	1700	0	0	300	0.15	4	T87	T18	29
BP-HMM	1500	0	0	500	0.25	2	T99	T180	26
BP-HMM	1498	2	5	495	0.25	2	T8	T13	35
BP-HMM	1484	116	5	395	0.2	2	T38	T181	50
BP-HMM	1898	3	0	99	0.05	3	T15	T102	14
BP-HMM	1900	0	100	0	0.05	1	T170	T90	12
BP-HMM	1899	1	100	0	0.05	1	T112	T147	23
BP-HMM	1800	0	200	0	0.1	2	T72	T119	16
BP-HMM	1599	1	0	400	0.2	2	T4	T5	22
BP-HMM	1382	18	4	596	0.3	3	T92	T64	49
BP-HMM	1374	26	0	600	0.3	2	T84	T14	45
BP-HMM	1600	0	6	394	0.2	1	T14	T180	4
BP-HMM	1900	0	100	0	0.05	1	T15	T112	17
BP-HMM	1599	1	400	0	0.2	2	T88	T120	12
BP-HMM	1500	0	1	499	0.25	1	T138	T132	9
BP-HMM	1399	1	0	600	0.3	2	T177	T124	35
BP-HMM	1397	3	0	600	0.3	2	T52	T29	6
BP-HMM	1698	2	4	296	0.15	4	T117	T95	31
BP-HMM	1896	4	7	93	0.05	1	T20	T82	6
BP-HMM	953	747	215	85	0.15	1	T27	T24	14
BP-HMM	1218	482	233	67	0.15	4	T89	T124	21
BP-HMM	1700	0	52	248	0.15	3	T55	T68	17
BP-HMM	1691	9	6	294	0.15	2	T198	T101	10
BP-HMM	1499	1	0	500	0.25	1	T24	T115	23
BP-HMM	1400	0	0	600	0.3	2	T12	T60	34
BP-HMM	1598	2	0	400	0.2	2	T62	T40	20
BP-HMM	1492	8	500	0	0.25	2	T112	T147	23
BP-HMM	1700	0	300	0	0.15	1	T18	T5	33
BP-HMM	1766	34	0	200	0.1	2	T87	T186	16
BP-HMM	1898	2	2	98	0.05	2	T117	T71	5
BP-HMM	1583	17	31	369	0.2	2	T129	T108	48
BP-HMM	1094	506	325	75	0.2	2	T27	T24	14
BP-HMM	1227	173	8	592	0.3	5	T170	T91	13
BP-HMM	1395	5	0	600	0.3	1	T177	T109	13
BP-HMM	1700	0	0	300	0.15	3	T80	T81	4
BP-HMM	1692	8	0	300	0.15	2	T137	T116	39
BP-HMM	1899	1	100	0	0.05	2	T9	T123	27
BP-HMM	1218	582	170	30	0.1	1	T23	T171	10
BP-HMM	1399	1	11	589	0.3	3	T113	T15	49
BP-HMM	1383	17	600	0	0.3	1	T6	T112	2
BP-HMM	1400	0	0	600	0.3	1	T172	T69	45
BP-HMM	1856	44	0	100	0.05	2	T198	T61	3
BP-HMM	1700	0	300	0	0.15	2	T110	T158	12
BP-HMM	1397	203	370	30	0.2	2	T72	T119	16
BP-HMM	1217	183	561	39	0.3	1	T116	T22	3
BP-HMM	1347	153	1	499	0.25	2	T151	T134	24
BP-HMM	1683	17	300	0	0.15	1	T79	T172	45
BP-HMM	1600	0	0	400	0.2	2	T136	T105	40
BP-HMM	1349	51	0	600	0.3	1	T100	T97	31
BP-HMM	1900	0	3	97	0.05	1	T159	T40	8
BP-HMM	1137	663	172	28	0.1	1	T192	T23	48
BP-HMM	1700	0	1	299	0.15	2	T171	T77	31
BP-HMM	1600	0	8	392	0.2	2	T20	T32	5
BP-HMM	1799	1	200	0	0.1	2	T68	T97	15
BP-HMM	1900	0	100	0	0.05	1	T115	T44	46
BP-HMM	1397	3	4	596	0.3	3	T138	T147	38
BP-HMM	1558	342	1	99	0.05	2	T175	T76	36
BP-HMM	1800	0	200	0	0.1	2	T115	T44	46
BP-HMM	1456	44	33	467	0.25	1	T169	T200	24
BP-HMM	1499	101	395	5	0.2	2	T79	T172	45
BP-HMM	1500	0	500	0	0.25	1	T126	T100	21
BP-HMM	1599	1	400	0	0.2	2	T140	T102	6
BP-HMM	1900	0	0	100	0.05	1	T62	T40	20
BP-HMM	1794	6	7	193	0.1	1	T175	T76	36
BP-HMM	1400	0	0	600	0.3	1	T171	T33	26
BP-HMM	1400	0	0	600	0.3	2	T9	T124	40
BP-HMM	1382	18	11	589	0.3	2	T53	T175	44
BP-HMM	1600	0	400	0	0.2	2	T2	T142	34
BP-HMM	1376	126	0	498	0.25	3	T120	T43	50
BP-HMM	1800	0	0	200	0.1	2	T150	T171	2
BP-HMM	1897	3	2	98	0.05	2	T71	T144	20
BP-HMM	1798	4	7	191	0.1	3	T17	T198	23
BP-HMM	1190	210	558	42	0.3	1	T97	T32	13
BP-HMM	1289	411	231	69	0.15	1	T25	T44	37
BP-HMM	1223	577	195	5	0.1	1	T70	T194	21
BP-HMM	1894	7	0	99	0.05	3	T80	T81	4
BP-HMM	1891	9	4	96	0.05	4	T54	T121	30
BP-HMM	1452	48	500	0	0.25	1	T116	T22	3
BP-HMM	1900	0	4	96	0.05	2	T109	T111	10
BP-HMM	1400	0	600	0	0.3	4	T10	T30	10
BP-HMM	1751	49	200	0	0.1	2	T82	T155	42
BP-HMM	1794	6	0	200	0.1	2	T65	T142	20
BP-HMM	1500	0	1	499	0.25	1	T32	T188	26
BP-HMM	1499	1	0	500	0.25	2	T166	T177	30
BP-HMM	1501	99	0	400	0.2	2	T9	T199	45
BP-HMM	1399	1	600	0	0.3	2	T139	T123	27
BP-HMM	1561	40	41	358	0.2	3	T142	T118	9
BP-HMM	1500	0	0	500	0.25	2	T118	T48	32
BP-HMM	1457	45	6	492	0.25	3	T157	T198	11
BP-HMM	1900	0	2	98	0.05	1	T171	T77	31
BP-HMM	1671	29	0	300	0.15	1	T24	T36	47
BP-HMM	1387	13	6	594	0.3	3	T1	T140	37
BP-HMM	1400	0	0	600	0.3	1	T187	T11	14
BP-HMM	1795	5	0	200	0.1	2	T58	T103	21
BP-HMM	1399	1	5	595	0.3	3	T54	T121	30
BP-HMM	1400	0	600	0	0.3	1	T81	T56	48
BP-HMM	1400	0	0	600	0.3	1	T161	T158	8
BP-HMM	1600	1	399	0	0.2	3	T14	T148	10
BP-HMM	1558	244	198	0	0.1	3	T18	T11	48
BP-HMM	1255	145	17	583	0.3	4	T20	T61	42
BP-HMM	1400	0	0	600	0.3	2	T14	T127	12
BP-HMM	1602	98	296	4	0.15	1	T82	T190	6
BP-HMM	1369	31	0	600	0.3	2	T136	T196	28
BP-HMM	1802	0	198	0	0.1	3	T130	T52	43
BP-HMM	1545	55	1	399	0.2	2	T109	T76	36
BP-HMM	1898	3	2	97	0.05	3	T117	T95	31
BP-HMM	1800	0	0	200	0.1	5	T149	T49	21
BP-HMM	1599	1	9	391	0.2	2	T108	T137	11
BP-HMM	1500	0	2	498	0.25	4	T43	T21	25
BP-HMM	1396	4	10	590	0.3	2	T25	T56	7
BP-HMM	1040	360	56	544	0.3	1	T105	T80	27
BP-HMM	1600	0	0	400	0.2	2	T175	T194	41
BP-HMM	1577	23	2	398	0.2	2	T24	T36	47
BP-HMM	1802	0	0	198	0.1	3	T171	T77	31
BP-HMM	1802	0	3	195	0.1	3	T16	T115	32
BP-HMM	1502	0	0	498	0.25	3	T70	T7	17
BP-HMM	1901	0	0	99	0.05	3	T70	T7	17
BP-HMM	1600	0	0	400	0.2	1	T195	T176	34
BP-HMM	1397	3	0	600	0.3	1	T50	T1	14
BP-HMM	1695	5	8	292	0.15	2	T14	T180	4
BP-HMM	1799	1	200	0	0.1	1	T132	T61	32
BP-HMM	1782	18	0	200	0.1	1	T25	T128	30
BP-HMM	1600	0	400	0	0.2	2	T81	T56	48
BP-HMM	1247	253	464	36	0.25	1	T126	T75	41
BP-HMM	1699	1	0	300	0.15	2	T53	T162	11
BP-HMM	1699	1	2	298	0.15	3	T135	T177	4
BP-HMM	1799	1	2	198	0.1	2	T51	T110	40
BP-HMM	1800	0	200	0	0.1	2	T81	T56	48
BP-HMM	1500	0	2	498	0.25	2	T174	T115	28
BP-HMM	1597	4	11	388	0.2	3	T159	T58	33
BP-HMM	1599	1	400	0	0.2	1	T36	T83	35
BP-HMM	1700	0	0	300	0.15	1	T94	T180	29
BP-HMM	1776	24	0	200	0.1	1	T24	T36	47
BP-HMM	1547	53	0	400	0.2	1	T176	T46	37
BP-HMM	1894	6	0	100	0.05	2	T171	T24	37
BP-HMM	1694	6	1	299	0.15	4	T74	T152	48
BP-HMM	1624	76	98	202	0.15	4	T142	T10	17
BP-HMM	1559	41	1	399	0.2	1	T25	T57	1
BP-HMM	1380	20	0	600	0.3	3	T128	T77	35
BP-HMM	1500	0	0	500	0.25	2	T30	T18	6
BP-HMM	1684	16	5	295	0.15	2	T179	T106	9
BP-HMM	1499	1	12	488	0.25	4	T90	T80	40
BP-HMM	1601	0	0	399	0.2	3	T85	T8	46
BP-HMM	986	814	188	12	0.1	2	T86	T33	50
BP-HMM	1899	1	1	99	0.05	2	T112	T100	36
BP-HMM	1500	0	0	500	0.25	1	T101	T107	17
BP-HMM	1457	43	40	460	0.25	4	T125	T69	44
BP-HMM	1023	877	81	19	0.05	1	T142	T118	9
BP-HMM	1800	0	1	199	0.1	4	T30	T103	41
BP-HMM	1039	761	5	195	0.1	2	T193	T33	50
BP-HMM	1506	94	0	400	0.2	2	T89	T145	50
BP-HMM	1899	1	0	100	0.05	1	T35	T184	19
BP-HMM	1901	0	99	0	0.05	3	T152	T81	13
BP-HMM	1491	410	92	7	0.05	3	T129	T57	11
BP-HMM	1683	17	1	299	0.15	4	T24	T115	23
BP-HMM	1793	7	5	195	0.1	4	T167	T124	33
BP-HMM	1698	2	0	300	0.15	1	T170	T98	49
BP-HMM	1697	3	11	289	0.15	3	T132	T170	11
BP-HMM	1400	0	0	600	0.3	2	T114	T60	18
BP-HMM	1392	8	0	600	0.3	1	T151	T102	1
BP-HMM	1800	0	1	199	0.1	2	T117	T137	40
BP-HMM	1424	276	282	18	0.15	1	T98	T160	45
BP-HMM	1600	0	1	399	0.2	1	T80	T81	4
BP-HMM	1500	0	500	0	0.25	1	T150	T36	4
BP-HMM	1395	5	6	594	0.3	5	T170	T98	49
BP-HMM	1399	1	600	0	0.3	1	T25	T44	37
BP-HMM	1500	0	3	497	0.25	1	T132	T170	11
BP-HMM	1597	3	15	385	0.2	2	T54	T121	30
BP-HMM	1600	0	400	0	0.2	2	T84	T104	46
BP-HMM	1898	2	1	99	0.05	4	T16	T115	32
BP-HMM	1400	0	4	596	0.3	3	T192	T52	31
BP-HMM	1399	1	58	542	0.3	2	T135	T161	1
BP-HMM	1042	558	351	49	0.2	2	T55	T172	45
BP-HMM	1443	458	79	20	0.05	3	T25	T44	37
BP-HMM	1490	10	0	500	0.25	2	T85	T88	43
BP-HMM	1900	0	100	0	0.05	1	T124	T144	29
BP-HMM	1374	26	8	592	0.3	3	T172	T49	22
BP-HMM	1800	0	200	0	0.1	1	T126	T117	39
BP-HMM	1278	522	3	197	0.1	2	T134	T88	24
BP-HMM	1800	0	0	200	0.1	1	T181	T21	47
BP-HMM	1584	16	9	391	0.2	5	T7	T15	49
BP-HMM	1699	1	300	0	0.15	2	T16	T97	15
BP-HMM	1389	113	1	497	0.25	3	T72	T198	18
BP-HMM	1770	30	21	179	0.1	5	T153	T30	29
BP-HMM	1400	0	600	0	0.3	2	T145	T163	24
BP-HMM	1593	8	9	390	0.2	3	T33	T196	5
BP-HMM	1800	0	0	200	0.1	1	T194	T198	20
BP-HMM	1800	0	4	196	0.1	2	T111	T132	7
BP-HMM	1400	0	9	591	0.3	2	T96	T40	35
BP-HMM	1400	0	0	600	0.3	1	T127	T105	37
BP-HMM	1452	48	30	470	0.25	4	T19	T145	50
BP-HMM	1804	96	100	0	0.05	2	T18	T11	48
BP-HMM	1400	0	0	600	0.3	1	T29	T13	18
BP-HMM	1600	0	400	0	0.2	4	T116	T22	3
BP-HMM	1617	83	18	282	0.15	2	T20	T61	42
BP-HMM	1693	7	3	297	0.15	3	T188	T47	18
BP-HMM	1526	174	22	278	0.15	3	T151	T134	24
BP-HMM	1496	4	3	497	0.25	2	T177	T109	13
BP-HMM	1385	15	4	596	0.3	2	T65	T145	7
BP-HMM	1800	0	0	200	0.1	2	T35	T184	19
BP-HMM	1599	1	0	400	0.2	1	T171	T33	26
BP-HMM	1496	6	6	492	0.25	3	T198	T61	3
BP-HMM	1385	15	600	0	0.3	1	T185	T142	34
BP-HMM	1720	180	0	100	0.05	1	T9	T199	45
BP-HMM	1700	0	0	300	0.15	1	T195	T176	34
BP-HMM	1600	0	0	400	0.2	1	T35	T184	19
BP-HMM	1757	45	2	196	0.1	3	T58	T16	44
BP-HMM	1878	22	100	0	0.05	2	T141	T66	42
BP-HMM	1589	11	1	399	0.2	2	T176	T152	48
BP-HMM	1475	27	7	491	0.25	3	T51	T80	35
BP-HMM	1900	0	100	0	0.05	2	T103	T190	12
BP-HMM	1700	0	0	300	0.15	1	T30	T103	41
BP-HMM	1400	0	0	600	0.3	3	T44	T69	39
BP-HMM	1851	50	98	1	0.05	3	T182	T200	33
BP-HMM	1291	109	545	55	0.3	3	T193	T143	30
BP-HMM	1899	1	1	99	0.05	2	T170	T98	49
BP-HMM	1500	0	0	500	0.25	1	T87	T18	29
BP-HMM	1393	7	103	497	0.3	4	T70	T194	21
BP-HMM	785	915	300	0	0.15	2	T193	T33	50
BP-HMM	1700	0	300	0	0.15	1	T56	T141	20
BP-HMM	1854	47	16	83	0.05	3	T197	T176	4
BP-HMM	1500	0	0	500	0.25	1	T56	T112	49
BP-HMM	464	936	588	12	0.3	4	T86	T33	50
BP-HMM	1791	11	15	183	0.1	3	T190	T7	30
BP-HMM	1575	25	0	400	0.2	1	T175	T76	36
BP-HMM	1499	1	5	495	0.25	2	T59	T136	28
BP-HMM	1697	3	2	298	0.15	1	T108	T137	11
BP-HMM	1900	0	0	100	0.05	2	T39	T163	36
BP-HMM	1098	402	449	51	0.25	1	T184	T14	42
BP-HMM	1600	0	0	400	0.2	5	T30	T103	41
BP-HMM	1800	0	0	200	0.1	4	T136	T105	40
BP-HMM	1699	1	0	300	0.15	2	T44	T69	39
BP-HMM	1883	17	8	92	0.05	2	T198	T101	10
BP-HMM	1386	14	17	583	0.3	2	T167	T106	4
BP-HMM	1600	0	2	398	0.2	2	T192	T68	26
BP-HMM	1060	840	6	94	0.05	2	T77	T63	22
BP-HMM	1600	0	400	0	0.2	1	T115	T44	46
BP-HMM	1316	584	100	0	0.05	1	T86	T33	50
BP-HMM	1599	2	0	399	0.2	3	T184	T30	49
BP-HMM	1495	5	0	500	0.25	1	T193	T113	14
BP-HMM	1589	11	7	393	0.2	4	T25	T128	30
BP-HMM	1900	0	100	0	0.05	2	T125	T141	18
BP-HMM	1677	123	169	31	0.1	2	T76	T108	32
BP-HMM	1700	0	0	300	0.15	1	T38	T134	34
BP-HMM	1500	0	0	500	0.25	1	T108	T86	6
BP-HMM	1048	352	467	133	0.3	4	T103	T130	27
BP-HMM	1499	1	0	500	0.25	1	T192	T52	31
BP-HMM	1689	11	0	300	0.15	2	T109	T71	42
BP-HMM	1696	204	97	3	0.05	1	T116	T22	3
BP-HMM	1582	118	0	300	0.15	2	T118	T90	50
BP-HMM	1394	6	0	600	0.3	2	T198	T61	3
BP-HMM	1802	0	198	0	0.1	3	T110	T158	12
BP-HMM	1079	421	387	113	0.25	1	T113	T29	36
BP-HMM	1697	3	300	0	0.15	2	T110	T26	2
BP-HMM	1382	118	497	3	0.25	2	T180	T192	2
BP-HMM	1600	0	4	396	0.2	1	T116	T9	13
BP-HMM	1700	0	0	300	0.15	2	T198	T102	40
BP-HMM	1749	151	100	0	0.05	1	T53	T158	43
BP-HMM	1699	1	2	298	0.15	2	T91	T196	20
BP-HMM	1582	19	0	399	0.2	3	T72	T198	18
BP-HMM	1016	384	459	141	0.3	2	T68	T97	15
BP-HMM	1498	4	4	494	0.25	3	T157	T124	33
BP-HMM	1400	0	0	600	0.3	3	T118	T48	32
BP-HMM	1536	164	80	220	0.15	1	T114	T186	50
BP-HMM	1595	5	1	399	0.2	2	T182	T192	48
BP-HMM	1492	8	3	497	0.25	4	T101	T55	1
BP-HMM	1741	160	99	0	0.05	3	T133	T115	24
BP-HMM	1400	0	21	579	0.3	1	T72	T198	18
BP-HMM	1400	0	0	600	0.3	3	T38	T134	34
BP-HMM	1599	1	4	396	0.2	1	T167	T19	2
BP-HMM	1575	25	0	400	0.2	1	T110	T26	2
BP-HMM	1382	18	1	599	0.3	3	T37	T24	2
BP-HMM	1485	15	495	5	0.25	1	T38	T46	33
BP-HMM	1700	0	300	0	0.15	2	T13	T87	5
BP-HMM	1470	32	4	494	0.25	3	T94	T180	11
BP-HMM	1899	1	100	0	0.05	2	T46	T167	27
BP-HMM	1012	888	85	15	0.05	1	T181	T154	49
BP-HMM	1901	0	98	1	0.05	3	T2	T92	9
BP-HMM	1592	8	0	400	0.2	4	T74	T152	48
BP-HMM	1900	0	100	0	0.05	2	T7	T48	3
BP-HMM	1296	104	1	599	0.3	2	T170	T97	50
BP-HMM	1595	5	0	400	0.2	1	T101	T55	1
BP-HMM	1362	38	57	543	0.3	2	T20	T115	33
BP-HMM	1701	101	1	197	0.1	3	T130	T4	9
BP-HMM	1814	86	4	96	0.05	1	T179	T106	9
BP-HMM	1833	67	100	0	0.05	2	T129	T108	48
BP-HMM	1400	0	15	585	0.3	1	T23	T195	39
BP-HMM	1800	0	0	200	0.1	1	T30	T18	6
BP-HMM	1799	1	200	0	0.1	1	T17	T197	5
BP-HMM	1493	7	0	500	0.25	1	T57	T196	42
BP-HMM	1500	0	500	0	0.25	2	T126	T3	19
BP-HMM	1499	1	500	0	0.25	1	T152	T81	13
BP-HMM	1900	1	99	0	0.05	3	T29	T32	46
BP-HMM	1699	1	1	299	0.15	2	T177	T124	35
BP-HMM	1900	0	0	100	0.05	1	T145	T197	7
BP-HMM	1335	65	70	530	0.3	2	T132	T99	2
BP-HMM	1800	0	0	200	0.1	2	T145	T197	7
BP-HMM	1592	108	13	287	0.15	2	T197	T36	24
BP-HMM	1899	2	0	99	0.05	3	T192	T97	23
BP-HMM	1400	0	4	596	0.3	1	T4	T127	47
BP-HMM	1700	0	0	300	0.15	1	T88	T49	21
BP-HMM	1687	13	0	300	0.15	1	T136	T196	28
BP-HMM	1565	135	24	276	0.15	2	T70	T194	21
BP-HMM	1559	41	0	400	0.2	2	T154	T145	14
BP-HMM	1597	3	3	397	0.2	2	T190	T7	30
BP-HMM	1500	0	500	0	0.25	1	T124	T144	29
BP-HMM	1697	3	3	297	0.15	2	T50	T1	14
BP-HMM	1801	1	0	198	0.1	3	T91	T196	20
BP-HMM	1487	15	2	496	0.25	3	T23	T61	3
BP-HMM	1479	323	0	198	0.1	3	T145	T172	44
BP-HMM	1458	44	0	498	0.25	3	T6	T94	32
BP-HMM	1791	9	0	200	0.1	2	T54	T121	30
BP-HMM	1222	378	313	87	0.2	2	T15	T6	22
BP-HMM	1797	3	0	200	0.1	1	T184	T189	26
BP-HMM	1569	31	0	400	0.2	2	T73	T198	18
BP-HMM	1892	8	4	96	0.05	2	T86	T61	13
BP-HMM	1600	0	3	397	0.2	2	T24	T115	23
BP-HMM	1600	0	0	400	0.2	1	T38	T134	34
BP-HMM	1900	0	0	100	0.05	1	T76	T133	38
BP-HMM	1398	2	0	600	0.3	4	T128	T160	5
BP-HMM	1888	12	2	98	0.05	2	T173	T53	18
BP-HMM	1696	4	4	296	0.15	4	T85	T88	43
BP-HMM	1498	2	500	0	0.25	2	T36	T83	35
BP-HMM	1377	23	600	0	0.3	3	T97	T73	23
BP-HMM	1592	308	89	11	0.05	1	T137	T102	43
BP-HMM	1799	1	17	183	0.1	2	T118	T135	12
BP-HMM	1488	112	348	52	0.2	1	T193	T143	30
BP-HMM	1492	8	0	500	0.25	1	T132	T33	5
BP-HMM	1499	1	60	440	0.25	1	T130	T4	9
BP-HMM	1866	34	0	100	0.05	2	T19	T7	25
BP-HMM	1381	119	27	473	0.25	2	T86	T33	50
BP-HMM	1900	0	0	100	0.05	1	T82	T57	33
BP-HMM	1499	1	1	499	0.25	2	T85	T8	46
BP-HMM	1080	620	49	251	0.15	1	T18	T11	48
BP-HMM	1800	0	0	200	0.1	1	T60	T59	31
BP-HMM	1800	0	0	200	0.1	1	T72	T39	25
BP-HMM	1502	0	0	498	0.25	3	T145	T197	7
BP-HMM	1400	0	0	600	0.3	2	T17	T127	17
BP-HMM	1001	399	458	142	0.3	2	T178	T149	19
BP-HMM	1400	0	0	600	0.3	1	T72	T39	25
BP-HMM	1500	0	0	500	0.25	1	T51	T91	47
BP-HMM	1388	212	400	0	0.2	2	T83	T45	29
BP-HMM	1800	0	200	0	0.1	1	T140	T102	6
BP-HMM	1500	0	5	495	0.25	1	T57	T44	14
BP-HMM	1700	0	0	300	0.15	3	T64	T39	15
BP-HMM	1900	0	0	100	0.05	2	T73	T127	40
BP-HMM	1601	0	399	0	0.2	3	T18	T5	33
BP-HMM	1490	10	0	500	0.25	1	T151	T183	29
BP-HMM	1600	0	0	400	0.2	2	T112	T100	36
BP-HMM	1600	0	400	0	0.2	2	T48	T185	32
BP-HMM	1390	10	6	594	0.3	2	T184	T189	26
BP-HMM	1489	11	1	499	0.25	1	T41	T97	24
BP-HMM	1787	15	2	196	0.1	3	T54	T88	28
BP-HMM	1397	3	0	600	0.3	1	T190	T7	30
BP-HMM	1478	22	12	488	0.25	4	T171	T4	2
BP-HMM	1599	1	400	0	0.2	2	T138	T99	25
BP-HMM	1400	0	600	0	0.3	3	T140	T102	6
BP-HMM	1695	5	0	300	0.15	1	T20	T32	5
BP-HMM	1572	28	17	383	0.2	5	T70	T194	21
BP-HMM	1600	0	0	400	0.2	1	T93	T77	36
BP-HMM	1453	247	286	14	0.15	1	T145	T32	13
BP-HMM	1740	62	198	0	0.1	3	T79	T172	45
BP-HMM	921	579	342	158	0.25	2	T98	T160	45
BP-HMM	1788	14	23	175	0.1	3	T151	T102	1
BP-HMM	1497	3	1	499	0.25	2	T25	T56	7
BP-HMM	1399	1	600	0	0.3	2	T14	T148	10
BP-HMM	1400	0	0	600	0.3	2	T199	T109	26
BP-HMM	1501	1	498	0	0.25	3	T131	T67	38
BP-HMM	1392	8	31	569	0.3	3	T197	T161	39
BP-HMM	1899	1	0	100	0.05	1	T107	T198	19
BP-HMM	1600	0	1	399	0.2	1	T70	T7	17
BP-HMM	1696	4	5	295	0.15	2	T198	T127	38
BP-HMM	1596	4	0	400	0.2	4	T136	T110	31
BP-HMM	1500	0	500	0	0.25	1	T166	T34	28
BP-HMM	1767	133	1	99	0.05	2	T138	T132	9
BP-HMM	1700	0	0	300	0.15	4	T127	T134	40
BP-HMM	535	865	600	0	0.3	2	T36	T83	35
BP-HMM	1379	221	384	16	0.2	1	T169	T25	5
BP-HMM	1562	38	400	0	0.2	1	T195	T75	23
BP-HMM	1109	691	81	119	0.1	2	T30	T47	37
BP-HMM	1581	119	300	0	0.15	3	T144	T195	28
BP-HMM	1800	0	200	0	0.1	4	T12	T59	23
BP-HMM	1800	0	0	200	0.1	2	T56	T112	49
BP-HMM	1485	17	498	0	0.25	3	T47	T32	26
BP-HMM	1791	9	200	0	0.1	1	T74	T52	18
BP-HMM	1689	11	6	294	0.15	2	T153	T30	29
BP-HMM	1600	0	0	400	0.2	1	T2	T60	39
BP-HMM	1390	10	11	589	0.3	2	T13	T161	23
BP-HMM	1338	62	600	0	0.3	1	T182	T29	15
BP-HMM	1799	1	1	199	0.1	1	T143	T121	35
BP-HMM	1600	0	0	400	0.2	1	T140	T110	20
BP-HMM	1567	133	8	292	0.15	3	T133	T115	24
BP-HMM	1398	2	0	600	0.3	1	T3	T68	4
BP-HMM	1400	0	2	598	0.3	1	T198	T101	10
BP-HMM	1600	1	5	394	0.2	3	T76	T133	38
BP-HMM	1492	108	15	385	0.2	4	T25	T56	7
BP-HMM	1341	59	16	584	0.3	2	T120	T43	50
BP-HMM	1499	1	500	0	0.25	2	T192	T160	44
BP-HMM	1119	381	430	70	0.25	1	T23	T66	22
BP-HMM	1800	0	0	200	0.1	2	T159	T119	22
BP-HMM	1225	475	240	60	0.15	1	T97	T32	13
BP-HMM	1443	57	472	28	0.25	1	T85	T31	25
BP-HMM	1900	0	0	100	0.05	2	T38	T134	34
BP-HMM	1800	0	0	200	0.1	1	T187	T11	14
BP-HMM	1399	1	600	0	0.3	2	T150	T36	4
BP-HMM	1599	1	400	0	0.2	1	T101	T126	4
BP-HMM	1599	1	400	0	0.2	1	T77	T87	27
BP-HMM	893	507	530	70	0.3	1	T129	T57	11
BP-HMM	1899	1	0	100	0.05	1	T138	T147	38
BP-HMM	1596	4	0	400	0.2	2	T139	T88	43
BP-HMM	1700	0	300	0	0.15	3	T194	T41	19
BP-HMM	949	651	389	11	0.2	4	T2	T58	17
BP-HMM	1600	0	0	400	0.2	1	T198	T102	40
BP-HMM	1475	125	390	10	0.2	5	T129	T57	11
BP-HMM	1249	151	3	597	0.3	2	T114	T186	50
BP-HMM	1860	40	3	97	0.05	1	T16	T190	42
BP-HMM	1645	55	0	300	0.15	3	T175	T76	36
BP-HMM	1477	424	99	0	0.05	3	T167	T106	4
BP-HMM	1587	13	2	398	0.2	1	T142	T10	17
BP-HMM	1900	0	0	100	0.05	1	T199	T109	26
BP-HMM	1899	1	0	100	0.05	1	T175	T194	41
BP-HMM	1800	0	4	196	0.1	2	T140	T194	48
BP-HMM	1400	0	11	589	0.3	1	T51	T80	35
BP-HMM	1860	41	1	98	0.05	3	T114	T60	18
BP-HMM	1900	0	100	0	0.05	2	T37	T28	11
BP-HMM	1800	0	0	200	0.1	1	T88	T49	21
BP-HMM	1499	1	0	500	0.25	1	T58	T103	21
BP-HMM	1501	1	1	497	0.25	3	T7	T19	26
BP-HMM	1495	5	0	500	0.25	2	T188	T47	18
BP-HMM	1800	0	2	198	0.1	1	T138	T147	38
BP-HMM	1799	1	200	0	0.1	1	T2	T176	20
BP-HMM	1700	0	0	300	0.15	1	T158	T11	36
BP-HMM	1637	63	300	0	0.15	2	T82	T155	42
BP-HMM	1800	2	0	198	0.1	3	T174	T115	28
BP-HMM	1765	136	99	0	0.05	3	T184	T189	26
BP-HMM	1500	0	1	499	0.25	1	T50	T1	14
BP-HMM	1800	0	0	200	0.1	1	T101	T107	17
BP-HMM	956	444	505	95	0.3	1	T16	T49	9
BP-HMM	1586	14	0	400	0.2	1	T78	T150	47
BP-HMM	1605	95	10	290	0.15	3	T25	T56	7
BP-HMM	1336	164	23	477	0.25	1	T197	T161	39
BP-HMM	1501	1	498	0	0.25	3	T139	T123	27
BP-HMM	1399	1	0	600	0.3	1	T57	T86	32
BP-HMM	1900	1	99	0	0.05	3	T57	T177	43
BP-HMM	1801	1	198	0	0.1	3	T20	T59	28
BP-HMM	1700	0	300	0	0.15	2	T172	T49	22
BP-HMM	1800	0	200	0	0.1	1	T12	T36	3
BP-HMM	1261	639	93	7	0.05	1	T192	T23	48
BP-HMM	1791	9	0	200	0.1	1	T161	T158	8
BP-HMM	1899	1	100	0	0.05	1	T20	T59	28
BP-HMM	1384	416	8	192	0.1	1	T38	T181	50
BP-HMM	1686	14	0	300	0.15	2	T128	T77	35
BP-HMM	1699	1	2	298	0.15	2	T29	T187	29
BP-HMM	1500	0	0	500	0.25	1	T119	T198	9
BP-HMM	1500	0	0	500	0.25	2	T117	T95	31
BP-HMM	1700	0	4	296	0.15	2	T20	T124	35
BP-HMM	1601	0	4	395	0.2	3	T171	T77	31
BP-HMM	1800	0	3	197	0.1	2	T64	T39	15
BP-HMM	1113	487	306	94	0.2	2	T139	T115	38
BP-HMM	1700	0	1	299	0.15	2	T77	T112	41
BP-HMM	1600	0	2	398	0.2	2	T165	T132	7
BP-HMM	1494	6	0	500	0.25	1	T127	T105	37
BP-HMM	1592	8	0	400	0.2	2	T117	T95	31
BP-HMM	1900	0	0	100	0.05	2	T194	T198	20
BP-HMM	1799	1	72	128	0.1	2	T193	T127	10
BP-HMM	1799	3	0	198	0.1	3	T4	T127	47
BP-HMM	1398	2	3	597	0.3	2	T146	T99	23
BP-HMM	1699	1	3	297	0.15	3	T7	T19	26
BP-HMM	1726	174	1	99	0.05	4	T173	T48	9
BP-HMM	1400	0	0	600	0.3	1	T114	T140	37
BP-HMM	1391	9	11	589	0.3	4	T13	T7	47
BP-HMM	1652	48	36	264	0.15	3	T197	T176	4
BP-HMM	1750	50	7	193	0.1	2	T72	T198	18
BP-HMM	1792	8	8	192	0.1	4	T109	T111	10
BP-HMM	1500	0	7	493	0.25	2	T86	T61	13
BP-HMM	1887	13	6	94	0.05	4	T140	T194	48
BP-HMM	1588	13	3	396	0.2	3	T29	T187	29
BP-HMM	1699	1	0	300	0.15	1	T2	T60	39
BP-HMM	1697	3	0	300	0.15	1	T166	T177	30
BP-HMM	1700	0	6	294	0.15	2	T136	T110	31
BP-HMM	1600	0	0	400	0.2	1	T108	T4	8
BP-HMM	1699	103	198	0	0.1	3	T129	T57	11
BP-HMM	1698	2	1	299	0.15	1	T106	T156	39
BP-HMM	1296	604	76	24	0.05	1	T27	T24	14
BP-HMM	1800	0	200	0	0.1	2	T47	T72	31
BP-HMM	1586	14	7	393	0.2	2	T197	T176	4
BP-HMM	1876	24	0	100	0.05	2	T57	T86	32
BP-HMM	1800	0	1	199	0.1	1	T128	T160	5
BP-HMM	1700	0	0	300	0.15	2	T194	T198	20
BP-HMM	1600	0	0	400	0.2	1	T73	T127	40
BP-HMM	1857	44	3	96	0.05	3	T130	T177	42
BP-HMM	1583	18	0	399	0.2	3	T34	T40	42
BP-HMM	1389	11	5	595	0.3	2	T7	T68	41
BP-HMM	1599	1	13	387	0.2	1	T151	T102	1
BP-HMM	1400	0	600	0	0.3	1	T70	T115	5
BP-HMM	1399	1	4	596	0.3	2	T77	T112	41
BP-HMM	1400	0	0	600	0.3	1	T96	T105	47
BP-HMM	1601	0	0	399	0.2	3	T86	T61	13
BP-HMM	1028	572	337	63	0.2	2	T76	T57	35
BP-HMM	1023	877	0	100	0.05	2	T73	T198	18
BP-HMM	1700	0	300	0	0.15	2	T172	T111	6
BP-HMM	1392	8	0	600	0.3	1	T41	T190	23
BP-HMM	1400	0	0	600	0.3	2	T159	T8	49
BP-HMM	1697	3	8	292	0.15	3	T87	T186	16
BP-HMM	1789	11	200	0	0.1	1	T76	T57	35
BP-HMM	1600	0	400	0	0.2	2	T126	T117	39
BP-HMM	1400	0	0	600	0.3	1	T67	T68	29
BP-HMM	1802	0	12	186	0.1	3	T41	T97	24
BP-HMM	1900	0	0	100	0.05	2	T118	T48	32
BP-HMM	1523	277	198	2	0.1	5	T180	T192	2
BP-HMM	1699	1	300	0	0.15	2	T48	T185	32
BP-HMM	1390	10	3	597	0.3	1	T44	T178	12
BP-HMM	1500	0	0	500	0.25	2	T195	T176	34
BP-HMM	1899	1	100	0	0.05	2	T36	T83	35
BP-HMM	1676	24	2	298	0.15	2	T58	T16	44
BP-HMM	1478	22	2	498	0.25	1	T146	T99	23
BP-HMM	1700	0	14	286	0.15	1	T19	T7	25
BP-HMM	1800	0	200	0	0.1	2	T37	T28	11
BP-HMM	1900	1	2	97	0.05	3	T73	T179	46
BP-HMM	1700	0	0	300	0.15	1	T138	T132	9
BP-HMM	1861	39	0	100	0.05	2	T172	T69	45
BP-HMM	1900	0	0	100	0.05	2	T88	T49	21
BP-HMM	1800	0	0	200	0.1	1	T77	T112	41
BP-HMM	1599	1	400	0	0.2	2	T6	T112	2
BP-HMM	1401	299	298	2	0.15	4	T100	T97	31
BP-HMM	1500	0	0	500	0.25	2	T88	T49	21
BP-HMM	1800	0	0	200	0.1	2	T17	T127	17
BP-HMM	1369	31	1	599	0.3	3	T185	T6	9
BP-HMM	1291	509	146	54	0.1	2	T113	T29	36
BP-HMM	1799	1	200	0	0.1	2	T30	T83	35
BP-HMM	1900	0	0	100	0.05	2	T117	T137	40
BP-HMM	1501	1	0	498	0.25	3	T200	T123	30
BP-HMM	1698	2	9	291	0.15	1	T102	T113	10
BP-HMM	1600	0	400	0	0.2	2	T191	T91	3
BP-HMM	1894	6	2	98	0.05	2	T135	T177	4
BP-HMM	1891	9	0	100	0.05	2	T131	T102	21
BP-HMM	1597	3	3	397	0.2	2	T153	T30	29
BP-HMM	1699	1	0	300	0.15	3	T131	T102	21
BP-HMM	1598	2	0	400	0.2	1	T27	T15	47
BP-HMM	1274	226	454	46	0.25	1	T97	T32	13
BP-HMM	1799	1	200	0	0.1	1	T192	T160	44
BP-HMM	1699	1	0	300	0.15	2	T149	T105	31
BP-HMM	1500	0	0	500	0.25	2	T62	T40	20
BP-HMM	1499	1	500	0	0.25	2	T132	T61	32
BP-HMM	1285	217	458	40	0.25	3	T118	T78	17
BP-HMM	1495	405	0	100	0.05	1	T63	T46	7
BP-HMM	1399	1	600	0	0.3	4	T129	T95	46
BP-HMM	1600	0	400	0	0.2	2	T145	T94	8
BP-HMM	1700	0	0	300	0.15	1	T181	T21	47
BP-HMM	1499	1	0	500	0.25	2	T71	T144	11
BP-HMM	1800	0	2	198	0.1	2	T27	T15	47
BP-HMM	1599	1	0	400	0.2	2	T23	T195	39
BP-HMM	1399	1	2	598	0.3	5	T121	T93	5
BP-HMM	1600	1	399	0	0.2	3	T50	T148	10
BP-HMM	1331	469	149	51	0.1	5	T131	T67	38
BP-HMM	1497	3	0	500	0.25	2	T139	T88	43
BP-HMM	1575	25	0	400	0.2	1	T86	T133	46
BP-HMM	1500	0	2	498	0.25	2	T56	T28	28
BP-HMM	1474	426	94	6	0.05	2	T44	T178	12
BP-HMM	1698	2	0	300	0.15	2	T7	T68	41
BP-HMM	1500	0	14	486	0.25	1	T18	T11	48
BP-HMM	1900	0	100	0	0.05	1	T48	T148	12
BP-HMM	1452	48	55	445	0.25	4	T193	T127	10
BP-HMM	1583	117	292	8	0.15	2	T169	T25	5
BP-HMM	1800	0	0	200	0.1	1	T118	T48	32
BP-HMM	1785	15	0	200	0.1	1	T114	T60	18
BP-HMM	1500	0	0	500	0.25	1	T167	T124	33
BP-HMM	1319	181	500	0	0.25	2	T15	T112	17
BP-HMM	1800	0	200	0	0.1	1	T172	T49	22
BP-HMM	1240	260	0	500	0.25	1	T134	T88	24
BP-HMM	1901	0	2	97	0.05	3	T136	T110	31
BP-HMM	1460	40	27	473	0.25	2	T72	T138	44
BP-HMM	1499	1	0	500	0.25	1	T33	T31	19
BP-HMM	1460	40	0	500	0.25	1	T13	T161	23
BP-HMM	1600	0	0	400	0.2	1	T85	T79	31
BP-HMM	928	972	100	0	0.05	1	T19	T145	50
BP-HMM	1599	2	3	396	0.2	3	T171	T24	37
BP-HMM	1498	2	4	496	0.25	4	T24	T150	34
BP-HMM	1452	50	2	496	0.25	3	T144	T28	44
BP-HMM	1396	4	30	570	0.3	5	T133	T156	49
BP-HMM	1400	0	3	597	0.3	1	T69	T199	8
BP-HMM	1489	11	1	499	0.25	2	T98	T46	13
BP-HMM	1500	0	0	500	0.25	2	T136	T105	40
BP-HMM	1502	0	498	0	0.25	3	T130	T52	43
BP-HMM	1397	3	6	594	0.3	3	T84	T13	33
BP-HMM	1700	0	0	300	0.15	1	T93	T77	36
BP-HMM	1600	0	0	400	0.2	1	T70	T151	14
BP-HMM	1897	4	1	98	0.05	3	T191	T198	16
BP-HMM	1486	14	494	6	0.25	1	T2	T176	20
BP-HMM	1596	4	2	398	0.2	1	T50	T1	14
BP-HMM	1498	2	0	500	0.25	2	T17	T198	23
BP-HMM	1500	0	500	0	0.25	1	T85	T19	44
BP-HMM	1500	0	0	500	0.25	2	T128	T160	5
BP-HMM	1696	4	4	296	0.15	5	T192	T52	31
BP-HMM	1598	2	23	377	0.2	1	T144	T46	7
BP-HMM	1400	0	0	600	0.3	1	T104	T184	19
BP-HMM	1331	69	0	600	0.3	4	T9	T199	45
BP-HMM	1799	1	200	0	0.1	1	T101	T126	4
BP-HMM	1694	6	3	297	0.15	3	T151	T183	29
BP-HMM	1248	254	407	91	0.25	3	T179	T163	46
BP-HMM	1740	160	100	0	0.05	4	T106	T158	43
BP-HMM	1451	150	3	396	0.2	3	T19	T145	50
BP-HMM	1879	21	1	99	0.05	1	T127	T105	37
BP-HMM	1499	1	500	0	0.25	1	T6	T112	2
BP-HMM	1400	0	600	0	0.3	3	T77	T87	27
BP-HMM	1747	53	200	0	0.1	2	T85	T31	25
BP-HMM	1796	6	7	191	0.1	3	T109	T71	42
BP-HMM	1897	3	5	95	0.05	2	T90	T29	12
BP-HMM	1700	0	3	297	0.15	1	T78	T150	47
BP-HMM	1900	0	100	0	0.05	1	T65	T181	22
BP-HMM	1899	1	0	100	0.05	1	T2	T60	39
BP-HMM	1799	1	9	191	0.1	2	T7	T15	49
BP-HMM	1600	0	0	400	0.2	1	T174	T115	28
BP-HMM	1502	0	498	0	0.25	3	T103	T190	12
BP-HMM	1488	12	4	496	0.25	1	T113	T15	49
BP-HMM	1778	22	0	200	0.1	1	T179	T106	9
BP-HMM	1400	0	0	600	0.3	2	T99	T180	26
BP-HMM	1697	3	0	300	0.15	1	T130	T4	9
BP-HMM	1603	197	200	0	0.1	2	T2	T142	34
BP-HMM	1699	1	300	0	0.15	4	T9	T123	27
BP-HMM	1795	7	16	182	0.1	3	T57	T44	14
BP-HMM	1700	0	0	300	0.15	1	T133	T156	49
BP-HMM	1392	8	593	7	0.3	1	T182	T200	33
BP-HMM	1399	1	0	600	0.3	1	T115	T171	15
BP-HMM	1400	0	0	600	0.3	3	T169	T170	2
BP-HMM	1400	0	2	598	0.3	1	T126	T142	22
BP-HMM	1789	13	1	197	0.1	3	T1	T117	30
BP-HMM	1400	0	1	599	0.3	2	T70	T42	16
BP-HMM	1261	139	0	600	0.3	1	T20	T59	28
BP-HMM	1123	277	3	597	0.3	4	T125	T69	44
BP-HMM	1336	264	363	37	0.2	4	T71	T37	10
BP-HMM	1386	14	0	600	0.3	2	T101	T55	1
BP-HMM	1899	1	100	0	0.05	2	T6	T118	21
BP-HMM	1695	5	21	279	0.15	4	T28	T86	32
BP-HMM	1899	1	100	0	0.05	2	T15	T6	22
BP-HMM	1700	0	300	0	0.15	1	T29	T32	46
BP-HMM	1900	0	0	100	0.05	1	T44	T128	25
BP-HMM	1694	6	300	0	0.15	3	T76	T108	32
BP-HMM	1899	1	0	100	0.05	4	T32	T188	26
BP-HMM	1500	0	0	500	0.25	1	T200	T107	33
BP-HMM	1599	1	400	0	0.2	1	T35	T120	12
BP-HMM	1400	0	0	600	0.3	1	T158	T11	36
BP-HMM	1496	4	2	498	0.25	4	T140	T194	48
BP-HMM	1399	1	600	0	0.3	1	T142	T128	6
BP-HMM	1600	0	0	400	0.2	5	T56	T28	28
BP-HMM	1343	157	12	488	0.25	4	T89	T145	50
BP-HMM	1630	170	22	178	0.1	1	T114	T186	50
BP-HMM	1899	1	100	0	0.05	1	T96	T167	14
BP-HMM	1600	1	399	0	0.2	3	T13	T87	5
BP-HMM	1400	0	2	598	0.3	1	T28	T86	32
BP-HMM	1800	0	4	196	0.1	1	T181	T154	49
BP-HMM	1502	0	0	498	0.25	3	T35	T7	16
BP-HMM	1046	454	303	197	0.25	2	T193	T143	30
BP-HMM	1400	0	600	0	0.3	2	T145	T94	8
BP-HMM	1545	55	400	0	0.2	1	T197	T161	39
BP-HMM	1502	0	498	0	0.25	3	T148	T130	43
BP-HMM	1683	17	20	280	0.15	5	T94	T180	11
BP-HMM	1799	1	200	0	0.1	2	T57	T177	43
BP-HMM	1380	20	23	577	0.3	6	T175	T76	36
BP-HMM	1672	28	300	0	0.15	3	T12	T36	3
BP-HMM	1491	11	1	497	0.25	3	T96	T105	47
BP-HMM	1421	79	500	0	0.25	1	T82	T190	6
BP-HMM	1799	1	6	194	0.1	1	T148	T86	25
BP-HMM	1400	0	0	600	0.3	1	T98	T22	41
BP-HMM	1798	4	0	198	0.1	3	T46	T70	1
BP-HMM	1500	0	0	500	0.25	1	T44	T128	25
BP-HMM	1596	4	5	395	0.2	1	T30	T188	44
BP-HMM	1500	0	2	498	0.25	1	T50	T138	21
BP-HMM	1397	3	3	597	0.3	2	T14	T180	4
BP-HMM	1398	2	600	0	0.3	1	T150	T137	44
BP-HMM	1813	87	95	5	0.05	5	T185	T142	34
BP-HMM	1217	483	228	72	0.15	3	T178	T149	19
BP-HMM	1798	2	9	191	0.1	2	T196	T8	26
BP-HMM	1379	21	0	600	0.3	1	T6	T94	32
BP-HMM	1600	0	400	0	0.2	2	T6	T118	21
BP-HMM	1408	94	16	482	0.25	3	T90	T10	24
BP-HMM	1600	0	0	400	0.2	1	T159	T119	22
BP-HMM	1400	0	1	599	0.3	2	T109	T111	10
BP-HMM	1533	167	281	19	0.15	1	T31	T191	25
BP-HMM	1900	1	0	99	0.05	3	T71	T144	11
BP-HMM	1378	22	0	600	0.3	3	T179	T106	9
BP-HMM	1451	49	500	0	0.25	1	T29	T32	46
BP-HMM	1105	795	0	100	0.05	1	T30	T188	44
BP-HMM	1786	14	2	198	0.1	2	T20	T32	5
BP-HMM	1851	49	100	0	0.05	2	T82	T155	42
BP-HMM	1597	3	4	396	0.2	1	T181	T154	49
BP-HMM	1900	0	1	99	0.05	2	T108	T86	6
BP-HMM	1536	164	300	0	0.15	2	T171	T4	2
BP-HMM	1900	0	0	100	0.05	1	T92	T64	49
BP-HMM	1397	3	5	595	0.3	2	T7	T15	49
BP-HMM	1595	5	6	394	0.2	1	T81	T36	13
BP-HMM	1090	810	17	83	0.05	2	T136	T196	28
BP-HMM	1900	0	0	100	0.05	2	T200	T123	30
BP-HMM	1795	5	0	200	0.1	1	T172	T69	45
BP-HMM	1474	326	174	26	0.1	2	T38	T46	33
BP-HMM	1454	48	33	465	0.25	3	T109	T76	36
BP-HMM	1800	0	200	0	0.1	1	T18	T5	33
BP-HMM	1173	727	0	100	0.05	1	T13	T7	47
BP-HMM	1900	0	100	0	0.05	1	T100	T97	31
BP-HMM	1499	1	0	500	0.25	1	T57	T160	17
BP-HMM	1495	5	4	496	0.25	2	T198	T101	10
BP-HMM	1392	8	26	574	0.3	2	T96	T167	14
BP-HMM	1900	0	8	92	0.05	1	T159	T58	33
BP-HMM	1588	12	14	386	0.2	4	T57	T160	17
BP-HMM	1692	8	300	0	0.15	2	T126	T100	21
BP-HMM	1596	4	1	399	0.2	2	T60	T59	31
BP-HMM	1313	87	9	591	0.3	2	T17	T30	27
BP-HMM	1538	63	48	351	0.2	3	T29	T32	46
BP-HMM	1310	90	2	598	0.3	2	T32	T37	45
BP-HMM	1900	0	0	100	0.05	5	T127	T134	40
BP-HMM	1393	7	1	599	0.3	3	T139	T88	43
BP-HMM	1547	253	186	14	0.1	2	T107	T167	8
BP-HMM	1697	3	3	297	0.15	2	T37	T24	2
BP-HMM	1125	575	60	240	0.15	1	T105	T80	27
BP-HMM	1656	44	5	295	0.15	2	T20	T106	3
BP-HMM	1537	163	290	10	0.15	1	T6	T128	16
BP-HMM	1600	0	0	400	0.2	1	T56	T112	49
BP-HMM	1393	7	0	600	0.3	1	T200	T151	14
BP-HMM	1300	200	480	20	0.25	4	T23	T171	10
BP-HMM	1600	0	400	0	0.2	1	T139	T175	47
BP-HMM	1400	0	600	0	0.3	2	T126	T117	39
BP-HMM	1599	2	4	395	0.2	3	T140	T194	48
BP-HMM	1600	1	0	399	0.2	3	T172	T179	46
BP-HMM	1660	40	21	279	0.15	4	T25	T57	1
BP-HMM	1561	39	0	400	0.2	1	T125	T69	44
BP-HMM	1696	4	2	298	0.15	3	T154	T107	48
BP-HMM	1799	1	200	0	0.1	4	T88	T120	12
BP-HMM	1497	3	54	446	0.25	1	T88	T180	19
BP-HMM	1599	1	400	0	0.2	2	T136	T144	8
BP-HMM	1799	1	200	0	0.1	1	T104	T131	1
BP-HMM	1400	0	0	600	0.3	1	T7	T30	32
BP-HMM	1400	0	0	600	0.3	3	T159	T119	22
BP-HMM	1689	11	22	278	0.15	2	T96	T167	14
BP-HMM	1312	188	453	47	0.25	2	T67	T22	3
BP-HMM	1879	22	0	99	0.05	3	T102	T158	16
BP-HMM	1897	3	0	100	0.05	1	T1	T117	30
BP-HMM	1898	3	5	94	0.05	3	T107	T17	29
BP-HMM	1800	0	200	0	0.1	2	T191	T91	3
BP-HMM	1700	0	300	0	0.15	2	T77	T87	27
BP-HMM	1496	4	0	500	0.25	1	T151	T102	1
BP-HMM	1599	1	8	392	0.2	2	T53	T158	43
BP-HMM	1079	825	8	88	0.05	6	T102	T113	10
BP-HMM	1797	3	3	197	0.1	2	T159	T58	33
BP-HMM	1799	1	0	200	0.1	1	T4	T5	22
BP-HMM	1486	114	3	397	0.2	2	T193	T33	50
BP-HMM	1696	4	4	296	0.15	1	T49	T114	30
BP-HMM	1399	1	0	600	0.3	2	T108	T137	11
BP-HMM	1485	315	0	200	0.1	2	T89	T145	50
BP-HMM	1170	430	0	400	0.2	1	T134	T88	24
BP-HMM	1802	0	0	198	0.1	3	T172	T179	46
BP-HMM	1697	3	0	300	0.15	1	T59	T136	28
BP-HMM	1899	1	1	99	0.05	2	T143	T121	35
BP-HMM	1499	1	5	495	0.25	2	T23	T195	39
BP-HMM	1399	1	600	0	0.3	2	T139	T115	38
BP-HMM	1582	18	0	400	0.2	1	T118	T90	50
BP-HMM	1485	15	3	497	0.25	2	T153	T30	29
BP-HMM	1700	0	0	300	0.15	1	T70	T7	17
BP-HMM	1441	59	0	500	0.25	5	T136	T75	50
BP-HMM	1501	1	498	0	0.25	3	T16	T97	15
BP-HMM	1478	22	5	495	0.25	1	T141	T66	42
BP-HMM	1802	0	198	0	0.1	3	T68	T126	37
BP-HMM	1755	45	1	199	0.1	2	T18	T89	27
BP-HMM	1500	2	4	494	0.25	3	T86	T59	43
BP-HMM	1394	6	12	588	0.3	1	T63	T46	7
BP-HMM	1749	151	0	100	0.05	2	T47	T130	45
BP-HMM	1760	140	100	0	0.05	2	T184	T14	42
BP-HMM	1579	22	10	389	0.2	3	T171	T4	2
BP-HMM	1497	3	0	500	0.25	1	T177	T124	35
BP-HMM	1787	15	1	197	0.1	3	T96	T105	47
BP-HMM	1376	24	0	600	0.3	1	T153	T30	29
BP-HMM	1792	8	22	178	0.1	1	T130	T177	42
BP-HMM	1738	64	21	177	0.1	3	T197	T176	4
BP-HMM	1700	0	300	0	0.15	2	T37	T28	11
BP-HMM	1627	73	300	0	0.15	1	T13	T160	37
BP-HMM	1600	0	0	400	0.2	2	T94	T171	34
BP-HMM	1398	2	0	600	0.3	1	T27	T24	14
BP-HMM	1399	1	600	0	0.3	1	T2	T176	20
BP-HMM	1683	117	200	0	0.1	2	T47	T32	26
BP-HMM	1600	0	0	400	0.2	2	T67	T68	29
BP-HMM	1796	6	6	192	0.1	6	T10	T8	1
BP-HMM	1800	0	7	193	0.1	1	T151	T183	29
BP-HMM	1158	443	317	82	0.2	3	T113	T29	36
BP-HMM	1600	0	0	400	0.2	2	T20	T124	35
BP-HMM	1898	2	0	100	0.05	1	T51	T110	40
BP-HMM	1500	0	1	499	0.25	2	T53	T162	11
BP-HMM	1592	8	1	399	0.2	2	T16	T190	42
BP-HMM	1598	2	0	400	0.2	1	T48	T177	28
BP-HMM	1323	77	600	0	0.3	2	T14	T40	34
BP-HMM	898	702	400	0	0.2	2	T6	T128	16
BP-HMM	1696	4	1	299	0.15	1	T177	T109	13
BP-HMM	1899	1	100	0	0.05	2	T22	T11	29
BP-HMM	1494	6	0	500	0.25	2	T130	T177	42
BP-HMM	1700	0	0	300	0.15	1	T106	T158	8
BP-HMM	1398	2	2	598	0.3	2	T33	T31	19
BP-HMM	1400	0	192	408	0.3	4	T142	T10	17
BP-HMM	1389	11	5	595	0.3	3	T145	T172	44
BP-HMM	1669	231	100	0	0.05	1	T8	T54	38
BP-HMM	1502	0	498	0	0.25	3	T181	T9	36
BP-HMM	1496	6	3	495	0.25	3	T29	T187	29
BP-HMM	1699	1	300	0	0.15	2	T17	T197	5
BP-HMM	1600	0	400	0	0.2	2	T126	T100	21
BP-HMM	1699	1	1	299	0.15	4	T117	T137	40
BP-HMM	1499	1	0	500	0.25	1	T115	T171	15
BP-HMM	1168	332	399	101	0.25	1	T101	T126	4
BP-HMM	1646	154	200	0	0.1	4	T144	T28	44
BP-HMM	1900	0	2	98	0.05	2	T101	T107	17
BP-HMM	1146	254	1	599	0.3	1	T191	T161	39
BP-HMM	1600	0	0	400	0.2	2	T58	T103	21
BP-HMM	1700	0	300	0	0.15	1	T125	T141	18
BP-HMM	1400	0	0	600	0.3	2	T46	T70	1
BP-HMM	1394	6	0	600	0.3	1	T10	T8	1
BP-HMM	1801	1	5	193	0.1	3	T71	T144	20
BP-HMM	1400	0	0	600	0.3	4	T145	T197	7
BP-HMM	1700	0	0	300	0.15	1	T174	T115	28
BP-HMM	1500	0	0	500	0.25	1	T158	T11	36
BP-HMM	1700	0	2	298	0.15	2	T94	T171	34
BP-HMM	1377	23	4	596	0.3	2	T8	T54	38
BP-HMM	1800	0	200	0	0.1	1	T125	T141	18
BP-HMM	1495	5	0	500	0.25	2	T187	T11	14
BP-HMM	1399	1	600	0	0.3	4	T138	T99	25
BP-HMM	1600	0	400	0	0.2	2	T166	T34	28
BP-HMM	1393	7	0	600	0.3	1	T193	T113	14
BP-HMM	1361	39	8	592	0.3	2	T173	T48	9
BP-HMM	1470	130	392	8	0.2	2	T30	T47	37
BP-HMM	1799	1	0	200	0.1	2	T111	T137	11
BP-HMM	1700	0	0	300	0.15	1	T121	T93	5
BP-HMM	1792	108	1	99	0.05	2	T57	T196	42
BP-HMM	1595	5	0	400	0.2	2	T52	T29	6
BP-HMM	1499	1	500	0	0.25	2	T14	T148	10
BP-HMM	1896	4	4	96	0.05	2	T46	T70	1
BP-HMM	1800	0	0	200	0.1	2	T139	T159	15
BP-HMM	1400	0	0	600	0.3	1	T29	T187	29
