d-phlag_0010-c_min3max81-r	1500	0	6	494	0.25	1	T77	T63	22
d-phlag_0010-c_min3max81-r	1500	0	500	0	0.25	1	T10	T30	10
d-phlag_0010-c_min3max81-r	1900	0	100	0	0.05	1	T88	T120	12
d-phlag_0010-c_min3max81-r	1828	72	0	100	0.05	1	T114	T140	37
d-phlag_0010-c_min3max81-r	1800	0	200	0	0.1	2	T118	T78	17
d-phlag_0010-c_min3max81-r	1675	25	0	300	0.15	1	T119	T198	9
d-phlag_0010-c_min3max81-r	1893	7	0	100	0.05	2	T8	T13	35
d-phlag_0010-c_min3max81-r	1486	16	0	498	0.25	3	T54	T121	30
d-phlag_0010-c_min3max81-r	1500	0	500	0	0.25	4	T137	T3	18
d-phlag_0010-c_min3max81-r	1332	68	2	598	0.3	3	T115	T44	46
d-phlag_0010-c_min3max81-r	1700	0	300	0	0.15	1	T148	T130	43
d-phlag_0010-c_min3max81-r	1557	43	4	396	0.2	1	T100	T97	31
d-phlag_0010-c_min3max81-r	1600	0	0	400	0.2	2	T200	T123	30
d-phlag_0010-c_min3max81-r	580	820	600	0	0.3	2	T90	T10	24
d-phlag_0010-c_min3max81-r	1411	389	0	200	0.1	1	T151	T134	24
d-phlag_0010-c_min3max81-r	1887	13	10	90	0.05	1	T193	T127	10
d-phlag_0010-c_min3max81-r	1598	3	8	391	0.2	3	T102	T113	10
d-phlag_0010-c_min3max81-r	1820	81	1	98	0.05	3	T106	T158	8
d-phlag_0010-c_min3max81-r	1784	18	0	198	0.1	3	T50	T138	21
d-phlag_0010-c_min3max81-r	604	896	500	0	0.25	4	T105	T136	49
d-phlag_0010-c_min3max81-r	1601	0	399	0	0.2	3	T181	T9	36
d-phlag_0010-c_min3max81-r	1388	12	28	572	0.3	2	T106	T158	43
d-phlag_0010-c_min3max81-r	1597	103	0	300	0.15	1	T113	T29	36
d-phlag_0010-c_min3max81-r	1700	0	3	297	0.15	1	T166	T34	28
d-phlag_0010-c_min3max81-r	1282	520	107	91	0.1	3	T46	T167	27
d-phlag_0010-c_min3max81-r	1600	0	0	400	0.2	1	T51	T91	47
d-phlag_0010-c_min3max81-r	727	673	384	216	0.3	4	T85	T19	44
d-phlag_0010-c_min3max81-r	1900	0	0	100	0.05	1	T52	T29	6
d-phlag_0010-c_min3max81-r	1400	0	0	600	0.3	1	T24	T115	23
d-phlag_0010-c_min3max81-r	1600	0	400	0	0.2	1	T137	T102	43
d-phlag_0010-c_min3max81-r	1269	632	79	20	0.05	3	T144	T28	44
d-phlag_0010-c_min3max81-r	1900	0	100	0	0.05	2	T71	T37	10
d-phlag_0010-c_min3max81-r	1502	98	399	1	0.2	2	T141	T66	42
d-phlag_0010-c_min3max81-r	1500	0	8	492	0.25	1	T107	T17	29
d-phlag_0010-c_min3max81-r	1502	0	0	498	0.25	3	T133	T140	7
d-phlag_0010-c_min3max81-r	1700	0	0	300	0.15	1	T84	T104	46
d-phlag_0010-c_min3max81-r	1800	0	200	0	0.1	2	T124	T144	29
d-phlag_0010-c_min3max81-r	1760	140	0	100	0.05	2	T185	T6	9
d-phlag_0010-c_min3max81-r	1386	14	2	598	0.3	2	T108	T86	6
d-phlag_0010-c_min3max81-r	1800	0	200	0	0.1	1	T15	T112	17
d-phlag_0010-c_min3max81-r	1800	0	200	0	0.1	1	T48	T185	32
d-phlag_0010-c_min3max81-r	1600	0	400	0	0.2	1	T37	T28	11
d-phlag_0010-c_min3max81-r	1599	1	0	400	0.2	1	T114	T152	3
d-phlag_0010-c_min3max81-r	1700	0	300	0	0.15	2	T137	T102	43
d-phlag_0010-c_min3max81-r	1700	0	300	0	0.15	1	T58	T103	21
d-phlag_0010-c_min3max81-r	1594	6	0	400	0.2	1	T96	T167	14
d-phlag_0010-c_min3max81-r	1800	0	200	0	0.1	2	T116	T22	3
d-phlag_0010-c_min3max81-r	1588	12	0	400	0.2	1	T7	T68	41
d-phlag_0010-c_min3max81-r	1481	19	0	500	0.25	1	T14	T180	4
d-phlag_0010-c_min3max81-r	1798	2	0	200	0.1	1	T20	T124	35
d-phlag_0010-c_min3max81-r	1800	0	0	200	0.1	4	T133	T140	7
d-phlag_0010-c_min3max81-r	1400	0	2	598	0.3	2	T192	T68	26
d-phlag_0010-c_min3max81-r	1601	0	399	0	0.2	3	T148	T130	43
d-phlag_0010-c_min3max81-r	1400	0	0	600	0.3	2	T165	T132	7
d-phlag_0010-c_min3max81-r	1696	4	0	300	0.15	1	T175	T194	41
d-phlag_0010-c_min3max81-r	1026	674	0	300	0.15	4	T54	T88	28
d-phlag_0010-c_min3max81-r	1800	0	0	200	0.1	1	T115	T171	15
d-phlag_0010-c_min3max81-r	1900	0	100	0	0.05	1	T168	T147	30
d-phlag_0010-c_min3max81-r	1399	1	0	600	0.3	1	T107	T198	19
d-phlag_0010-c_min3max81-r	1700	0	0	300	0.15	3	T149	T49	21
d-phlag_0010-c_min3max81-r	1796	4	1	199	0.1	2	T19	T7	25
d-phlag_0010-c_min3max81-r	1500	0	0	500	0.25	1	T12	T60	34
d-phlag_0010-c_min3max81-r	1580	20	0	400	0.2	1	T29	T116	20
d-phlag_0010-c_min3max81-r	1796	4	1	199	0.1	2	T13	T7	47
d-phlag_0010-c_min3max81-r	1600	0	400	0	0.2	1	T194	T41	19
d-phlag_0010-c_min3max81-r	1896	4	0	100	0.05	2	T177	T124	35
d-phlag_0010-c_min3max81-r	1800	0	200	0	0.1	1	T137	T102	43
d-phlag_0010-c_min3max81-r	1600	0	2	398	0.2	1	T91	T196	20
d-phlag_0010-c_min3max81-r	1700	0	300	0	0.15	1	T85	T31	25
d-phlag_0010-c_min3max81-r	1900	0	0	100	0.05	1	T90	T80	40
d-phlag_0010-c_min3max81-r	1456	46	0	498	0.25	3	T57	T86	32
d-phlag_0010-c_min3max81-r	1599	2	0	399	0.2	3	T137	T106	1
d-phlag_0010-c_min3max81-r	1351	549	92	8	0.05	2	T85	T19	44
d-phlag_0010-c_min3max81-r	1600	0	6	394	0.2	2	T59	T136	28
d-phlag_0010-c_min3max81-r	1458	42	0	500	0.25	1	T185	T6	9
d-phlag_0010-c_min3max81-r	1395	5	0	600	0.3	1	T111	T137	11
d-phlag_0010-c_min3max81-r	955	945	62	38	0.05	1	T136	T54	24
d-phlag_0010-c_min3max81-r	1502	0	498	0	0.25	3	T64	T181	41
d-phlag_0010-c_min3max81-r	1700	0	300	0	0.15	2	T150	T36	4
d-phlag_0010-c_min3max81-r	1583	17	0	400	0.2	2	T83	T62	47
d-phlag_0010-c_min3max81-r	1400	0	600	0	0.3	2	T16	T97	15
d-phlag_0010-c_min3max81-r	1700	0	300	0	0.15	1	T30	T47	37
d-phlag_0010-c_min3max81-r	1400	0	600	0	0.3	3	T131	T67	38
d-phlag_0010-c_min3max81-r	1468	32	0	500	0.25	2	T8	T54	38
d-phlag_0010-c_min3max81-r	1598	3	0	399	0.2	3	T12	T60	34
d-phlag_0010-c_min3max81-r	1500	0	500	0	0.25	2	T68	T111	6
d-phlag_0010-c_min3max81-r	1325	75	0	600	0.3	1	T172	T111	6
d-phlag_0010-c_min3max81-r	1600	0	0	400	0.2	1	T84	T13	33
d-phlag_0010-c_min3max81-r	1485	15	0	500	0.25	1	T17	T197	5
d-phlag_0010-c_min3max81-r	46	1854	100	0	0.05	1	T133	T156	49
d-phlag_0010-c_min3max81-r	1700	0	300	0	0.15	1	T15	T6	22
d-phlag_0010-c_min3max81-r	1502	0	0	498	0.25	3	T169	T170	2
d-phlag_0010-c_min3max81-r	1398	2	2	598	0.3	3	T157	T124	33
d-phlag_0010-c_min3max81-r	1573	28	1	398	0.2	3	T143	T121	35
d-phlag_0010-c_min3max81-r	1500	0	0	500	0.25	1	T198	T102	40
d-phlag_0010-c_min3max81-r	1800	0	200	0	0.1	1	T136	T196	28
d-phlag_0010-c_min3max81-r	1890	10	0	100	0.05	1	T139	T102	21
d-phlag_0010-c_min3max81-r	1900	1	0	99	0.05	3	T7	T68	41
d-phlag_0010-c_min3max81-r	1394	6	4	596	0.3	3	T68	T170	41
d-phlag_0010-c_min3max81-r	1590	11	6	393	0.2	3	T137	T116	39
d-phlag_0010-c_min3max81-r	1800	0	0	200	0.1	1	T85	T79	31
d-phlag_0010-c_min3max81-r	1396	4	0	600	0.3	2	T184	T30	49
d-phlag_0010-c_min3max81-r	1500	0	0	500	0.25	2	T136	T110	31
d-phlag_0010-c_min3max81-r	1117	583	148	152	0.15	1	T103	T130	27
d-phlag_0010-c_min3max81-r	1900	0	0	100	0.05	1	T51	T152	38
d-phlag_0010-c_min3max81-r	1697	3	0	300	0.15	2	T98	T22	41
d-phlag_0010-c_min3max81-r	1502	0	498	0	0.25	3	T30	T47	37
d-phlag_0010-c_min3max81-r	1800	0	200	0	0.1	2	T41	T66	22
d-phlag_0010-c_min3max81-r	1894	7	6	93	0.05	3	T148	T86	25
d-phlag_0010-c_min3max81-r	1800	0	2	198	0.1	1	T157	T198	11
d-phlag_0010-c_min3max81-r	1700	0	0	300	0.15	1	T1	T117	30
d-phlag_0010-c_min3max81-r	1749	152	66	33	0.05	3	T69	T33	19
d-phlag_0010-c_min3max81-r	1464	136	3	397	0.2	2	T63	T46	7
d-phlag_0010-c_min3max81-r	1820	80	0	100	0.05	2	T176	T152	48
d-phlag_0010-c_min3max81-r	1901	0	99	0	0.05	3	T138	T99	25
d-phlag_0010-c_min3max81-r	1573	27	0	400	0.2	1	T57	T44	14
d-phlag_0010-c_min3max81-r	1498	2	0	500	0.25	1	T167	T106	4
d-phlag_0010-c_min3max81-r	1595	5	0	400	0.2	1	T24	T150	34
d-phlag_0010-c_min3max81-r	1888	13	66	33	0.05	3	T88	T180	19
d-phlag_0010-c_min3max81-r	1600	0	400	0	0.2	1	T125	T168	16
d-phlag_0010-c_min3max81-r	1800	0	0	200	0.1	1	T140	T110	20
d-phlag_0010-c_min3max81-r	1700	0	0	300	0.15	1	T83	T138	39
d-phlag_0010-c_min3max81-r	1692	8	0	300	0.15	1	T57	T44	14
d-phlag_0010-c_min3max81-r	1397	3	0	600	0.3	1	T1	T117	30
d-phlag_0010-c_min3max81-r	1901	0	99	0	0.05	3	T58	T103	21
d-phlag_0010-c_min3max81-r	1593	8	399	0	0.2	3	T125	T64	1
d-phlag_0010-c_min3max81-r	1700	0	300	0	0.15	1	T50	T148	10
d-phlag_0010-c_min3max81-r	1638	162	0	200	0.1	1	T110	T26	2
d-phlag_0010-c_min3max81-r	1900	0	100	0	0.05	1	T194	T41	19
d-phlag_0010-c_min3max81-r	1400	0	600	0	0.3	3	T31	T191	25
d-phlag_0010-c_min3max81-r	1201	399	300	100	0.2	2	T197	T36	24
d-phlag_0010-c_min3max81-r	802	998	200	0	0.1	1	T69	T86	27
d-phlag_0010-c_min3max81-r	1400	0	0	600	0.3	3	T43	T112	41
d-phlag_0010-c_min3max81-r	1691	9	0	300	0.15	1	T140	T194	48
d-phlag_0010-c_min3max81-r	1600	0	4	396	0.2	1	T118	T135	12
d-phlag_0010-c_min3max81-r	1891	9	26	74	0.05	2	T110	T26	2
d-phlag_0010-c_min3max81-r	1699	1	0	300	0.15	1	T73	T127	40
d-phlag_0010-c_min3max81-r	1901	0	99	0	0.05	3	T109	T71	42
d-phlag_0010-c_min3max81-r	1785	15	0	200	0.1	2	T106	T158	8
d-phlag_0010-c_min3max81-r	1893	7	0	100	0.05	2	T184	T30	49
d-phlag_0010-c_min3max81-r	1212	488	0	300	0.15	3	T120	T43	50
d-phlag_0010-c_min3max81-r	1900	0	100	0	0.05	2	T144	T195	28
d-phlag_0010-c_min3max81-r	1761	139	50	50	0.05	2	T14	T40	34
d-phlag_0010-c_min3max81-r	1106	294	479	121	0.3	1	T144	T28	44
d-phlag_0010-c_min3max81-r	1783	17	10	190	0.1	2	T142	T10	17
d-phlag_0010-c_min3max81-r	1304	96	566	34	0.3	3	T12	T36	3
d-phlag_0010-c_min3max81-r	1385	15	0	600	0.3	2	T24	T150	34
d-phlag_0010-c_min3max81-r	1697	3	126	174	0.15	3	T69	T33	19
d-phlag_0010-c_min3max81-r	1595	6	34	365	0.2	3	T145	T172	44
d-phlag_0010-c_min3max81-r	1459	43	170	328	0.25	3	T132	T99	2
d-phlag_0010-c_min3max81-r	1600	0	400	0	0.2	1	T41	T66	22
d-phlag_0010-c_min3max81-r	1899	1	0	100	0.05	1	T85	T79	31
d-phlag_0010-c_min3max81-r	1782	20	2	196	0.1	3	T86	T61	13
d-phlag_0010-c_min3max81-r	1700	0	0	300	0.15	1	T62	T40	20
d-phlag_0010-c_min3max81-r	1584	16	8	392	0.2	2	T175	T81	18
d-phlag_0010-c_min3max81-r	1500	0	500	0	0.25	2	T16	T49	9
d-phlag_0010-c_min3max81-r	1899	2	1	98	0.05	3	T166	T177	30
d-phlag_0010-c_min3max81-r	1795	7	1	197	0.1	3	T78	T150	47
d-phlag_0010-c_min3max81-r	1700	0	300	0	0.15	4	T125	T168	16
d-phlag_0010-c_min3max81-r	1501	1	2	496	0.25	3	T3	T68	4
d-phlag_0010-c_min3max81-r	1502	0	498	0	0.25	3	T22	T11	29
d-phlag_0010-c_min3max81-r	1390	110	250	250	0.25	2	T140	T102	6
d-phlag_0010-c_min3max81-r	1797	3	0	200	0.1	4	T70	T7	17
d-phlag_0010-c_min3max81-r	671	729	600	0	0.3	1	T69	T86	27
d-phlag_0010-c_min3max81-r	1900	0	100	0	0.05	2	T171	T4	2
d-phlag_0010-c_min3max81-r	1382	18	0	600	0.3	1	T86	T61	13
d-phlag_0010-c_min3max81-r	1756	44	0	200	0.1	1	T14	T148	10
d-phlag_0010-c_min3max81-r	1700	0	0	300	0.15	4	T87	T18	29
d-phlag_0010-c_min3max81-r	1500	0	0	500	0.25	2	T99	T180	26
d-phlag_0010-c_min3max81-r	1498	2	3	497	0.25	2	T8	T13	35
d-phlag_0010-c_min3max81-r	1082	518	0	400	0.2	2	T38	T181	50
d-phlag_0010-c_min3max81-r	1893	8	0	99	0.05	3	T15	T102	14
d-phlag_0010-c_min3max81-r	1900	0	100	0	0.05	1	T170	T90	12
d-phlag_0010-c_min3max81-r	1900	0	100	0	0.05	1	T112	T147	23
d-phlag_0010-c_min3max81-r	1800	0	200	0	0.1	2	T72	T119	16
d-phlag_0010-c_min3max81-r	1600	0	3	397	0.2	2	T4	T5	22
d-phlag_0010-c_min3max81-r	1393	7	4	596	0.3	3	T92	T64	49
d-phlag_0010-c_min3max81-r	1315	85	0	600	0.3	2	T84	T14	45
d-phlag_0010-c_min3max81-r	1518	82	1	399	0.2	1	T14	T180	4
d-phlag_0010-c_min3max81-r	1890	10	0	100	0.05	1	T15	T112	17
d-phlag_0010-c_min3max81-r	1582	18	202	198	0.2	2	T88	T120	12
d-phlag_0010-c_min3max81-r	1496	4	0	500	0.25	1	T138	T132	9
d-phlag_0010-c_min3max81-r	1399	1	0	600	0.3	2	T177	T124	35
d-phlag_0010-c_min3max81-r	1398	2	0	600	0.3	2	T52	T29	6
d-phlag_0010-c_min3max81-r	1689	11	0	300	0.15	4	T117	T95	31
d-phlag_0010-c_min3max81-r	1898	2	0	100	0.05	1	T20	T82	6
d-phlag_0010-c_min3max81-r	1700	0	300	0	0.15	1	T27	T24	14
d-phlag_0010-c_min3max81-r	1700	0	300	0	0.15	4	T89	T124	21
d-phlag_0010-c_min3max81-r	1686	14	49	251	0.15	3	T55	T68	17
d-phlag_0010-c_min3max81-r	1667	33	3	297	0.15	2	T198	T101	10
d-phlag_0010-c_min3max81-r	1500	0	0	500	0.25	1	T24	T115	23
d-phlag_0010-c_min3max81-r	1400	0	0	600	0.3	2	T12	T60	34
d-phlag_0010-c_min3max81-r	1598	2	0	400	0.2	2	T62	T40	20
d-phlag_0010-c_min3max81-r	1500	0	500	0	0.25	2	T112	T147	23
d-phlag_0010-c_min3max81-r	1465	235	300	0	0.15	1	T18	T5	33
d-phlag_0010-c_min3max81-r	1645	155	0	200	0.1	2	T87	T186	16
d-phlag_0010-c_min3max81-r	1881	19	1	99	0.05	2	T117	T71	5
d-phlag_0010-c_min3max81-r	1584	16	0	400	0.2	2	T129	T108	48
d-phlag_0010-c_min3max81-r	1464	136	15	385	0.2	2	T27	T24	14
d-phlag_0010-c_min3max81-r	1241	159	13	587	0.3	5	T170	T91	13
d-phlag_0010-c_min3max81-r	1395	5	0	600	0.3	1	T177	T109	13
d-phlag_0010-c_min3max81-r	1700	0	2	298	0.15	3	T80	T81	4
d-phlag_0010-c_min3max81-r	1692	8	0	300	0.15	2	T137	T116	39
d-phlag_0010-c_min3max81-r	1301	599	60	40	0.05	2	T9	T123	27
d-phlag_0010-c_min3max81-r	1735	65	200	0	0.1	1	T23	T171	10
d-phlag_0010-c_min3max81-r	1376	24	11	589	0.3	3	T113	T15	49
d-phlag_0010-c_min3max81-r	1361	39	545	55	0.3	1	T6	T112	2
d-phlag_0010-c_min3max81-r	1249	151	557	43	0.3	1	T172	T69	45
d-phlag_0010-c_min3max81-r	1887	13	0	100	0.05	2	T198	T61	3
d-phlag_0010-c_min3max81-r	1700	0	300	0	0.15	2	T110	T158	12
d-phlag_0010-c_min3max81-r	1600	0	400	0	0.2	2	T72	T119	16
d-phlag_0010-c_min3max81-r	1400	0	600	0	0.3	1	T116	T22	3
d-phlag_0010-c_min3max81-r	1114	386	2	498	0.25	2	T151	T134	24
d-phlag_0010-c_min3max81-r	1543	157	298	2	0.15	1	T79	T172	45
d-phlag_0010-c_min3max81-r	1596	4	0	400	0.2	2	T136	T105	40
d-phlag_0010-c_min3max81-r	1357	43	0	600	0.3	1	T100	T97	31
d-phlag_0010-c_min3max81-r	1768	132	0	100	0.05	1	T159	T40	8
d-phlag_0010-c_min3max81-r	1800	0	200	0	0.1	1	T192	T23	48
d-phlag_0010-c_min3max81-r	1700	0	1	299	0.15	2	T171	T77	31
d-phlag_0010-c_min3max81-r	1583	17	0	400	0.2	2	T20	T32	5
d-phlag_0010-c_min3max81-r	1800	0	200	0	0.1	2	T68	T97	15
d-phlag_0010-c_min3max81-r	1896	4	6	94	0.05	1	T115	T44	46
d-phlag_0010-c_min3max81-r	1383	17	0	600	0.3	3	T138	T147	38
d-phlag_0010-c_min3max81-r	1900	0	54	46	0.05	2	T175	T76	36
d-phlag_0010-c_min3max81-r	1800	0	200	0	0.1	2	T115	T44	46
d-phlag_0010-c_min3max81-r	1132	368	251	249	0.25	1	T169	T200	24
d-phlag_0010-c_min3max81-r	1480	120	353	47	0.2	2	T79	T172	45
d-phlag_0010-c_min3max81-r	1497	3	24	476	0.25	1	T126	T100	21
d-phlag_0010-c_min3max81-r	1600	0	400	0	0.2	2	T140	T102	6
d-phlag_0010-c_min3max81-r	1900	0	0	100	0.05	1	T62	T40	20
d-phlag_0010-c_min3max81-r	1797	3	7	193	0.1	1	T175	T76	36
d-phlag_0010-c_min3max81-r	1400	0	0	600	0.3	1	T171	T33	26
d-phlag_0010-c_min3max81-r	1400	0	0	600	0.3	2	T9	T124	40
d-phlag_0010-c_min3max81-r	1018	382	0	600	0.3	2	T53	T175	44
d-phlag_0010-c_min3max81-r	1600	0	400	0	0.2	2	T2	T142	34
d-phlag_0010-c_min3max81-r	1066	436	2	496	0.25	3	T120	T43	50
d-phlag_0010-c_min3max81-r	1800	0	0	200	0.1	2	T150	T171	2
d-phlag_0010-c_min3max81-r	1900	0	2	98	0.05	2	T71	T144	20
d-phlag_0010-c_min3max81-r	1788	14	2	196	0.1	3	T17	T198	23
d-phlag_0010-c_min3max81-r	1388	12	593	7	0.3	1	T97	T32	13
d-phlag_0010-c_min3max81-r	1666	34	289	11	0.15	1	T25	T44	37
d-phlag_0010-c_min3max81-r	1793	7	1	199	0.1	1	T70	T194	21
d-phlag_0010-c_min3max81-r	1894	7	0	99	0.05	3	T80	T81	4
d-phlag_0010-c_min3max81-r	1897	3	10	90	0.05	4	T54	T121	30
d-phlag_0010-c_min3max81-r	1500	0	500	0	0.25	1	T116	T22	3
d-phlag_0010-c_min3max81-r	1900	0	7	93	0.05	2	T109	T111	10
d-phlag_0010-c_min3max81-r	1400	0	600	0	0.3	4	T10	T30	10
d-phlag_0010-c_min3max81-r	1743	57	191	9	0.1	2	T82	T155	42
d-phlag_0010-c_min3max81-r	1791	9	0	200	0.1	2	T65	T142	20
d-phlag_0010-c_min3max81-r	1500	0	4	496	0.25	1	T32	T188	26
d-phlag_0010-c_min3max81-r	1497	3	0	500	0.25	2	T166	T177	30
d-phlag_0010-c_min3max81-r	1600	0	1	399	0.2	2	T9	T199	45
d-phlag_0010-c_min3max81-r	847	553	411	189	0.3	2	T139	T123	27
d-phlag_0010-c_min3max81-r	1548	53	399	0	0.2	3	T142	T118	9
d-phlag_0010-c_min3max81-r	1500	0	0	500	0.25	2	T118	T48	32
d-phlag_0010-c_min3max81-r	1500	2	4	494	0.25	3	T157	T198	11
d-phlag_0010-c_min3max81-r	1890	10	0	100	0.05	1	T171	T77	31
d-phlag_0010-c_min3max81-r	1690	10	0	300	0.15	1	T24	T36	47
d-phlag_0010-c_min3max81-r	1366	34	1	599	0.3	3	T1	T140	37
d-phlag_0010-c_min3max81-r	1369	31	0	600	0.3	1	T187	T11	14
d-phlag_0010-c_min3max81-r	1800	0	200	0	0.1	2	T58	T103	21
d-phlag_0010-c_min3max81-r	1399	1	10	590	0.3	3	T54	T121	30
d-phlag_0010-c_min3max81-r	1400	0	600	0	0.3	1	T81	T56	48
d-phlag_0010-c_min3max81-r	1400	0	0	600	0.3	1	T161	T158	8
d-phlag_0010-c_min3max81-r	1601	0	399	0	0.2	3	T14	T148	10
d-phlag_0010-c_min3max81-r	1802	0	198	0	0.1	3	T18	T11	48
d-phlag_0010-c_min3max81-r	1252	148	32	568	0.3	4	T20	T61	42
d-phlag_0010-c_min3max81-r	1400	0	0	600	0.3	2	T14	T127	12
d-phlag_0010-c_min3max81-r	1700	0	300	0	0.15	1	T82	T190	6
d-phlag_0010-c_min3max81-r	1400	0	600	0	0.3	2	T136	T196	28
d-phlag_0010-c_min3max81-r	1802	0	198	0	0.1	3	T130	T52	43
d-phlag_0010-c_min3max81-r	1597	3	293	107	0.2	2	T109	T76	36
d-phlag_0010-c_min3max81-r	1883	18	0	99	0.05	3	T117	T95	31
d-phlag_0010-c_min3max81-r	1800	0	0	200	0.1	5	T149	T49	21
d-phlag_0010-c_min3max81-r	1531	69	2	398	0.2	2	T108	T137	11
d-phlag_0010-c_min3max81-r	1500	0	2	498	0.25	4	T43	T21	25
d-phlag_0010-c_min3max81-r	1396	4	10	590	0.3	2	T25	T56	7
d-phlag_0010-c_min3max81-r	1032	368	428	172	0.3	1	T105	T80	27
d-phlag_0010-c_min3max81-r	1598	2	0	400	0.2	2	T175	T194	41
d-phlag_0010-c_min3max81-r	1600	0	1	399	0.2	2	T24	T36	47
d-phlag_0010-c_min3max81-r	1800	2	0	198	0.1	3	T171	T77	31
d-phlag_0010-c_min3max81-r	1789	13	0	198	0.1	3	T16	T115	32
d-phlag_0010-c_min3max81-r	1502	0	0	498	0.25	3	T70	T7	17
d-phlag_0010-c_min3max81-r	1901	0	0	99	0.05	3	T70	T7	17
d-phlag_0010-c_min3max81-r	1597	3	0	400	0.2	1	T195	T176	34
d-phlag_0010-c_min3max81-r	1397	3	1	599	0.3	1	T50	T1	14
d-phlag_0010-c_min3max81-r	1696	4	8	292	0.15	2	T14	T180	4
d-phlag_0010-c_min3max81-r	1800	0	200	0	0.1	1	T132	T61	32
d-phlag_0010-c_min3max81-r	1800	0	0	200	0.1	1	T25	T128	30
d-phlag_0010-c_min3max81-r	1600	0	400	0	0.2	2	T81	T56	48
d-phlag_0010-c_min3max81-r	1492	8	500	0	0.25	1	T126	T75	41
d-phlag_0010-c_min3max81-r	1697	3	0	300	0.15	2	T53	T162	11
d-phlag_0010-c_min3max81-r	1700	0	0	300	0.15	3	T135	T177	4
d-phlag_0010-c_min3max81-r	1795	5	3	197	0.1	2	T51	T110	40
d-phlag_0010-c_min3max81-r	1800	0	200	0	0.1	2	T81	T56	48
d-phlag_0010-c_min3max81-r	1500	0	2	498	0.25	2	T174	T115	28
d-phlag_0010-c_min3max81-r	1589	12	2	397	0.2	3	T159	T58	33
d-phlag_0010-c_min3max81-r	1600	0	15	385	0.2	1	T36	T83	35
d-phlag_0010-c_min3max81-r	1700	0	0	300	0.15	1	T94	T180	29
d-phlag_0010-c_min3max81-r	1800	0	200	0	0.1	1	T24	T36	47
d-phlag_0010-c_min3max81-r	1598	2	1	399	0.2	1	T176	T46	37
d-phlag_0010-c_min3max81-r	1800	100	0	100	0.05	2	T171	T24	37
d-phlag_0010-c_min3max81-r	1699	1	2	298	0.15	4	T74	T152	48
d-phlag_0010-c_min3max81-r	1644	56	50	250	0.15	4	T142	T10	17
d-phlag_0010-c_min3max81-r	1518	82	0	400	0.2	1	T25	T57	1
d-phlag_0010-c_min3max81-r	1400	0	0	600	0.3	3	T128	T77	35
d-phlag_0010-c_min3max81-r	1500	0	0	500	0.25	2	T30	T18	6
d-phlag_0010-c_min3max81-r	1641	59	1	299	0.15	2	T179	T106	9
d-phlag_0010-c_min3max81-r	1495	5	6	494	0.25	4	T90	T80	40
d-phlag_0010-c_min3max81-r	1595	6	0	399	0.2	3	T85	T8	46
d-phlag_0010-c_min3max81-r	1119	681	9	191	0.1	2	T86	T33	50
d-phlag_0010-c_min3max81-r	1899	1	1	99	0.05	2	T112	T100	36
d-phlag_0010-c_min3max81-r	1500	0	0	500	0.25	1	T101	T107	17
d-phlag_0010-c_min3max81-r	1146	354	422	78	0.25	4	T125	T69	44
d-phlag_0010-c_min3max81-r	1506	394	0	100	0.05	1	T142	T118	9
d-phlag_0010-c_min3max81-r	1797	3	1	199	0.1	4	T30	T103	41
d-phlag_0010-c_min3max81-r	1175	625	155	45	0.1	2	T193	T33	50
d-phlag_0010-c_min3max81-r	1508	92	388	12	0.2	2	T89	T145	50
d-phlag_0010-c_min3max81-r	1899	1	0	100	0.05	1	T35	T184	19
d-phlag_0010-c_min3max81-r	1901	0	99	0	0.05	3	T152	T81	13
d-phlag_0010-c_min3max81-r	1842	59	99	0	0.05	3	T129	T57	11
d-phlag_0010-c_min3max81-r	1683	17	1	299	0.15	4	T24	T115	23
d-phlag_0010-c_min3max81-r	1793	7	5	195	0.1	4	T167	T124	33
d-phlag_0010-c_min3max81-r	1698	2	0	300	0.15	1	T170	T98	49
d-phlag_0010-c_min3max81-r	1697	3	9	291	0.15	3	T132	T170	11
d-phlag_0010-c_min3max81-r	1373	27	0	600	0.3	2	T114	T60	18
d-phlag_0010-c_min3max81-r	1400	0	600	0	0.3	1	T151	T102	1
d-phlag_0010-c_min3max81-r	1800	0	1	199	0.1	2	T117	T137	40
d-phlag_0010-c_min3max81-r	1543	157	288	12	0.15	1	T98	T160	45
d-phlag_0010-c_min3max81-r	1600	0	2	398	0.2	1	T80	T81	4
d-phlag_0010-c_min3max81-r	1500	0	500	0	0.25	1	T150	T36	4
d-phlag_0010-c_min3max81-r	1377	23	0	600	0.3	5	T170	T98	49
d-phlag_0010-c_min3max81-r	1362	38	600	0	0.3	1	T25	T44	37
d-phlag_0010-c_min3max81-r	1476	24	3	497	0.25	1	T132	T170	11
d-phlag_0010-c_min3max81-r	1592	8	0	400	0.2	2	T54	T121	30
d-phlag_0010-c_min3max81-r	1600	0	0	400	0.2	2	T84	T104	46
d-phlag_0010-c_min3max81-r	1890	10	1	99	0.05	4	T16	T115	32
d-phlag_0010-c_min3max81-r	1390	10	3	597	0.3	3	T192	T52	31
d-phlag_0010-c_min3max81-r	1400	0	10	590	0.3	2	T135	T161	1
d-phlag_0010-c_min3max81-r	1492	108	343	57	0.2	2	T55	T172	45
d-phlag_0010-c_min3max81-r	1855	46	96	3	0.05	3	T25	T44	37
d-phlag_0010-c_min3max81-r	1491	9	0	500	0.25	2	T85	T88	43
d-phlag_0010-c_min3max81-r	1900	0	100	0	0.05	1	T124	T144	29
d-phlag_0010-c_min3max81-r	1340	60	7	593	0.3	3	T172	T49	22
d-phlag_0010-c_min3max81-r	1800	0	200	0	0.1	1	T126	T117	39
d-phlag_0010-c_min3max81-r	1345	455	129	71	0.1	2	T134	T88	24
d-phlag_0010-c_min3max81-r	1800	0	0	200	0.1	1	T181	T21	47
d-phlag_0010-c_min3max81-r	1595	5	4	396	0.2	5	T7	T15	49
d-phlag_0010-c_min3max81-r	1700	0	300	0	0.15	2	T16	T97	15
d-phlag_0010-c_min3max81-r	1414	88	6	492	0.25	3	T72	T198	18
d-phlag_0010-c_min3max81-r	1745	55	12	188	0.1	5	T153	T30	29
d-phlag_0010-c_min3max81-r	1004	396	491	109	0.3	2	T145	T163	24
d-phlag_0010-c_min3max81-r	1594	7	3	396	0.2	3	T33	T196	5
d-phlag_0010-c_min3max81-r	1800	0	0	200	0.1	1	T194	T198	20
d-phlag_0010-c_min3max81-r	1800	0	0	200	0.1	2	T111	T132	7
d-phlag_0010-c_min3max81-r	1399	1	14	586	0.3	2	T96	T40	35
d-phlag_0010-c_min3max81-r	1396	4	0	600	0.3	1	T127	T105	37
d-phlag_0010-c_min3max81-r	1064	436	0	500	0.25	4	T19	T145	50
d-phlag_0010-c_min3max81-r	1900	0	100	0	0.05	2	T18	T11	48
d-phlag_0010-c_min3max81-r	1400	0	0	600	0.3	1	T29	T13	18
d-phlag_0010-c_min3max81-r	1600	0	400	0	0.2	4	T116	T22	3
d-phlag_0010-c_min3max81-r	1634	66	23	277	0.15	2	T20	T61	42
d-phlag_0010-c_min3max81-r	1685	15	2	298	0.15	3	T188	T47	18
d-phlag_0010-c_min3max81-r	1256	444	257	43	0.15	3	T151	T134	24
d-phlag_0010-c_min3max81-r	1487	13	1	499	0.25	2	T177	T109	13
d-phlag_0010-c_min3max81-r	1395	5	3	597	0.3	2	T65	T145	7
d-phlag_0010-c_min3max81-r	1800	0	0	200	0.1	2	T35	T184	19
d-phlag_0010-c_min3max81-r	1599	1	0	400	0.2	1	T171	T33	26
d-phlag_0010-c_min3max81-r	1496	6	6	492	0.25	3	T198	T61	3
d-phlag_0010-c_min3max81-r	1400	0	600	0	0.3	1	T185	T142	34
d-phlag_0010-c_min3max81-r	1752	148	0	100	0.05	1	T9	T199	45
d-phlag_0010-c_min3max81-r	1700	0	0	300	0.15	1	T195	T176	34
d-phlag_0010-c_min3max81-r	1600	0	0	400	0.2	1	T35	T184	19
d-phlag_0010-c_min3max81-r	1315	487	192	6	0.1	3	T58	T16	44
d-phlag_0010-c_min3max81-r	1739	161	100	0	0.05	2	T141	T66	42
d-phlag_0010-c_min3max81-r	1589	11	1	399	0.2	2	T176	T152	48
d-phlag_0010-c_min3max81-r	1461	41	5	493	0.25	3	T51	T80	35
d-phlag_0010-c_min3max81-r	1900	0	100	0	0.05	2	T103	T190	12
d-phlag_0010-c_min3max81-r	1694	6	0	300	0.15	1	T30	T103	41
d-phlag_0010-c_min3max81-r	1391	9	0	600	0.3	3	T44	T69	39
d-phlag_0010-c_min3max81-r	1901	0	99	0	0.05	3	T182	T200	33
d-phlag_0010-c_min3max81-r	1400	0	600	0	0.3	3	T193	T143	30
d-phlag_0010-c_min3max81-r	1900	0	100	0	0.05	2	T170	T98	49
d-phlag_0010-c_min3max81-r	1500	0	0	500	0.25	1	T87	T18	29
d-phlag_0010-c_min3max81-r	1387	13	24	576	0.3	4	T70	T194	21
d-phlag_0010-c_min3max81-r	1117	583	120	180	0.15	2	T193	T33	50
d-phlag_0010-c_min3max81-r	1700	0	300	0	0.15	1	T56	T141	20
d-phlag_0010-c_min3max81-r	1887	14	99	0	0.05	3	T197	T176	4
d-phlag_0010-c_min3max81-r	1500	0	0	500	0.25	1	T56	T112	49
d-phlag_0010-c_min3max81-r	916	484	116	484	0.3	4	T86	T33	50
d-phlag_0010-c_min3max81-r	1802	0	29	169	0.1	3	T190	T7	30
d-phlag_0010-c_min3max81-r	1587	13	0	400	0.2	1	T175	T76	36
d-phlag_0010-c_min3max81-r	1500	0	6	494	0.25	2	T59	T136	28
d-phlag_0010-c_min3max81-r	1617	83	0	300	0.15	1	T108	T137	11
d-phlag_0010-c_min3max81-r	1900	0	0	100	0.05	2	T39	T163	36
d-phlag_0010-c_min3max81-r	1318	182	0	500	0.25	1	T184	T14	42
d-phlag_0010-c_min3max81-r	1598	2	0	400	0.2	5	T30	T103	41
d-phlag_0010-c_min3max81-r	1795	5	0	200	0.1	4	T136	T105	40
d-phlag_0010-c_min3max81-r	1697	3	0	300	0.15	2	T44	T69	39
d-phlag_0010-c_min3max81-r	1884	16	7	93	0.05	2	T198	T101	10
d-phlag_0010-c_min3max81-r	1394	6	3	597	0.3	2	T167	T106	4
d-phlag_0010-c_min3max81-r	1600	0	3	397	0.2	2	T192	T68	26
d-phlag_0010-c_min3max81-r	1844	56	0	100	0.05	2	T77	T63	22
d-phlag_0010-c_min3max81-r	1600	0	47	353	0.2	1	T115	T44	46
d-phlag_0010-c_min3max81-r	1236	664	50	50	0.05	1	T86	T33	50
d-phlag_0010-c_min3max81-r	1594	7	0	399	0.2	3	T184	T30	49
d-phlag_0010-c_min3max81-r	1500	0	500	0	0.25	1	T193	T113	14
d-phlag_0010-c_min3max81-r	1580	20	0	400	0.2	4	T25	T128	30
d-phlag_0010-c_min3max81-r	1878	22	0	100	0.05	2	T125	T141	18
d-phlag_0010-c_min3max81-r	1800	0	200	0	0.1	2	T76	T108	32
d-phlag_0010-c_min3max81-r	1700	0	0	300	0.15	1	T38	T134	34
d-phlag_0010-c_min3max81-r	1500	0	0	500	0.25	1	T108	T86	6
d-phlag_0010-c_min3max81-r	846	554	363	237	0.3	4	T103	T130	27
d-phlag_0010-c_min3max81-r	1499	1	0	500	0.25	1	T192	T52	31
d-phlag_0010-c_min3max81-r	1666	34	0	300	0.15	2	T109	T71	42
d-phlag_0010-c_min3max81-r	1900	0	100	0	0.05	1	T116	T22	3
d-phlag_0010-c_min3max81-r	1264	436	0	300	0.15	2	T118	T90	50
d-phlag_0010-c_min3max81-r	1381	19	0	600	0.3	2	T198	T61	3
d-phlag_0010-c_min3max81-r	1802	0	198	0	0.1	3	T110	T158	12
d-phlag_0010-c_min3max81-r	1465	35	176	324	0.25	1	T113	T29	36
d-phlag_0010-c_min3max81-r	1658	42	0	300	0.15	2	T110	T26	2
d-phlag_0010-c_min3max81-r	1500	0	340	160	0.25	2	T180	T192	2
d-phlag_0010-c_min3max81-r	1551	49	5	395	0.2	1	T116	T9	13
d-phlag_0010-c_min3max81-r	1698	2	0	300	0.15	2	T198	T102	40
d-phlag_0010-c_min3max81-r	1900	0	100	0	0.05	1	T53	T158	43
d-phlag_0010-c_min3max81-r	1700	0	2	298	0.15	2	T91	T196	20
d-phlag_0010-c_min3max81-r	1261	340	0	399	0.2	3	T72	T198	18
d-phlag_0010-c_min3max81-r	1400	0	600	0	0.3	2	T68	T97	15
d-phlag_0010-c_min3max81-r	1498	4	4	494	0.25	3	T157	T124	33
d-phlag_0010-c_min3max81-r	1400	0	0	600	0.3	3	T118	T48	32
d-phlag_0010-c_min3max81-r	1155	545	238	62	0.15	1	T114	T186	50
d-phlag_0010-c_min3max81-r	1595	5	1	399	0.2	2	T182	T192	48
d-phlag_0010-c_min3max81-r	1493	7	4	496	0.25	4	T101	T55	1
d-phlag_0010-c_min3max81-r	1475	426	62	37	0.05	3	T133	T115	24
d-phlag_0010-c_min3max81-r	1339	61	0	600	0.3	1	T72	T198	18
d-phlag_0010-c_min3max81-r	1394	6	0	600	0.3	3	T38	T134	34
d-phlag_0010-c_min3max81-r	1597	3	0	400	0.2	1	T167	T19	2
d-phlag_0010-c_min3max81-r	1575	25	0	400	0.2	1	T110	T26	2
d-phlag_0010-c_min3max81-r	1369	31	1	599	0.3	3	T37	T24	2
d-phlag_0010-c_min3max81-r	1500	0	500	0	0.25	1	T38	T46	33
d-phlag_0010-c_min3max81-r	1700	0	300	0	0.15	2	T13	T87	5
d-phlag_0010-c_min3max81-r	1487	15	4	494	0.25	3	T94	T180	11
d-phlag_0010-c_min3max81-r	1334	566	54	46	0.05	2	T46	T167	27
d-phlag_0010-c_min3max81-r	1900	0	100	0	0.05	1	T181	T154	49
d-phlag_0010-c_min3max81-r	1901	0	99	0	0.05	3	T2	T92	9
d-phlag_0010-c_min3max81-r	1580	20	0	400	0.2	4	T74	T152	48
d-phlag_0010-c_min3max81-r	1900	0	100	0	0.05	2	T7	T48	3
d-phlag_0010-c_min3max81-r	1138	262	0	600	0.3	2	T170	T97	50
d-phlag_0010-c_min3max81-r	1596	4	0	400	0.2	1	T101	T55	1
d-phlag_0010-c_min3max81-r	1256	144	0	600	0.3	2	T20	T115	33
d-phlag_0010-c_min3max81-r	1665	137	157	41	0.1	3	T130	T4	9
d-phlag_0010-c_min3max81-r	1840	60	0	100	0.05	1	T179	T106	9
d-phlag_0010-c_min3max81-r	1715	185	0	100	0.05	2	T129	T108	48
d-phlag_0010-c_min3max81-r	1334	66	0	600	0.3	1	T23	T195	39
d-phlag_0010-c_min3max81-r	1800	0	0	200	0.1	1	T30	T18	6
d-phlag_0010-c_min3max81-r	1326	474	0	200	0.1	1	T17	T197	5
d-phlag_0010-c_min3max81-r	1494	6	27	473	0.25	1	T57	T196	42
d-phlag_0010-c_min3max81-r	1500	0	500	0	0.25	2	T126	T3	19
d-phlag_0010-c_min3max81-r	1500	0	500	0	0.25	1	T152	T81	13
d-phlag_0010-c_min3max81-r	1901	0	99	0	0.05	3	T29	T32	46
d-phlag_0010-c_min3max81-r	1682	18	0	300	0.15	2	T177	T124	35
d-phlag_0010-c_min3max81-r	1335	65	70	530	0.3	2	T132	T99	2
d-phlag_0010-c_min3max81-r	1250	450	143	157	0.15	2	T197	T36	24
d-phlag_0010-c_min3max81-r	1897	4	0	99	0.05	3	T192	T97	23
d-phlag_0010-c_min3max81-r	1398	2	0	600	0.3	1	T4	T127	47
d-phlag_0010-c_min3max81-r	1700	0	0	300	0.15	1	T88	T49	21
d-phlag_0010-c_min3max81-r	1700	0	300	0	0.15	1	T136	T196	28
d-phlag_0010-c_min3max81-r	1651	49	0	300	0.15	2	T70	T194	21
d-phlag_0010-c_min3max81-r	1582	18	0	400	0.2	2	T154	T145	14
d-phlag_0010-c_min3max81-r	1600	0	3	397	0.2	2	T190	T7	30
d-phlag_0010-c_min3max81-r	1500	0	500	0	0.25	1	T124	T144	29
d-phlag_0010-c_min3max81-r	1697	3	3	297	0.15	2	T50	T1	14
d-phlag_0010-c_min3max81-r	1791	11	0	198	0.1	3	T91	T196	20
d-phlag_0010-c_min3max81-r	1487	15	2	496	0.25	3	T23	T61	3
d-phlag_0010-c_min3max81-r	1361	441	0	198	0.1	3	T145	T172	44
d-phlag_0010-c_min3max81-r	1502	0	498	0	0.25	3	T6	T94	32
d-phlag_0010-c_min3max81-r	1764	36	0	200	0.1	2	T54	T121	30
d-phlag_0010-c_min3max81-r	1600	0	400	0	0.2	2	T15	T6	22
d-phlag_0010-c_min3max81-r	1633	167	200	0	0.1	1	T184	T189	26
d-phlag_0010-c_min3max81-r	1317	283	400	0	0.2	2	T73	T198	18
d-phlag_0010-c_min3max81-r	1881	19	4	96	0.05	2	T86	T61	13
d-phlag_0010-c_min3max81-r	1599	1	2	398	0.2	2	T24	T115	23
d-phlag_0010-c_min3max81-r	1600	0	0	400	0.2	1	T38	T134	34
d-phlag_0010-c_min3max81-r	1900	0	0	100	0.05	1	T76	T133	38
d-phlag_0010-c_min3max81-r	1392	8	0	600	0.3	4	T128	T160	5
d-phlag_0010-c_min3max81-r	1735	165	100	0	0.05	2	T173	T53	18
d-phlag_0010-c_min3max81-r	1697	3	13	287	0.15	4	T85	T88	43
d-phlag_0010-c_min3max81-r	1160	340	5	495	0.25	2	T36	T83	35
d-phlag_0010-c_min3max81-r	1400	0	600	0	0.3	3	T97	T73	23
d-phlag_0010-c_min3max81-r	1900	0	100	0	0.05	1	T137	T102	43
d-phlag_0010-c_min3max81-r	1799	1	17	183	0.1	2	T118	T135	12
d-phlag_0010-c_min3max81-r	1600	0	400	0	0.2	1	T193	T143	30
d-phlag_0010-c_min3max81-r	1492	8	0	500	0.25	1	T132	T33	5
d-phlag_0010-c_min3max81-r	1388	112	3	497	0.25	1	T130	T4	9
d-phlag_0010-c_min3max81-r	1900	0	100	0	0.05	2	T19	T7	25
d-phlag_0010-c_min3max81-r	942	558	231	269	0.25	2	T86	T33	50
d-phlag_0010-c_min3max81-r	1900	0	0	100	0.05	1	T82	T57	33
d-phlag_0010-c_min3max81-r	1496	4	1	499	0.25	2	T85	T8	46
d-phlag_0010-c_min3max81-r	1656	44	0	300	0.15	1	T18	T11	48
d-phlag_0010-c_min3max81-r	1800	0	0	200	0.1	1	T60	T59	31
d-phlag_0010-c_min3max81-r	1800	0	0	200	0.1	1	T72	T39	25
d-phlag_0010-c_min3max81-r	1400	0	0	600	0.3	2	T17	T127	17
d-phlag_0010-c_min3max81-r	1400	0	600	0	0.3	2	T178	T149	19
d-phlag_0010-c_min3max81-r	1400	0	0	600	0.3	1	T72	T39	25
d-phlag_0010-c_min3max81-r	1500	0	0	500	0.25	1	T51	T91	47
d-phlag_0010-c_min3max81-r	1595	5	57	343	0.2	2	T83	T45	29
d-phlag_0010-c_min3max81-r	1800	0	200	0	0.1	1	T140	T102	6
d-phlag_0010-c_min3max81-r	1500	0	1	499	0.25	1	T57	T44	14
d-phlag_0010-c_min3max81-r	1700	0	0	300	0.15	3	T64	T39	15
d-phlag_0010-c_min3max81-r	1900	0	1	99	0.05	2	T73	T127	40
d-phlag_0010-c_min3max81-r	1598	3	278	121	0.2	3	T18	T5	33
d-phlag_0010-c_min3max81-r	1490	10	0	500	0.25	1	T151	T183	29
d-phlag_0010-c_min3max81-r	1600	0	0	400	0.2	2	T112	T100	36
d-phlag_0010-c_min3max81-r	1600	0	400	0	0.2	2	T48	T185	32
d-phlag_0010-c_min3max81-r	1383	17	0	600	0.3	2	T184	T189	26
d-phlag_0010-c_min3max81-r	1255	245	376	124	0.25	1	T41	T97	24
d-phlag_0010-c_min3max81-r	1784	18	3	195	0.1	3	T54	T88	28
d-phlag_0010-c_min3max81-r	1397	3	0	600	0.3	1	T190	T7	30
d-phlag_0010-c_min3max81-r	1500	0	500	0	0.25	4	T171	T4	2
d-phlag_0010-c_min3max81-r	1600	0	400	0	0.2	2	T138	T99	25
d-phlag_0010-c_min3max81-r	1400	0	600	0	0.3	3	T140	T102	6
d-phlag_0010-c_min3max81-r	1691	9	0	300	0.15	1	T20	T32	5
d-phlag_0010-c_min3max81-r	1574	26	16	384	0.2	5	T70	T194	21
d-phlag_0010-c_min3max81-r	1600	0	0	400	0.2	1	T93	T77	36
d-phlag_0010-c_min3max81-r	1693	7	300	0	0.15	1	T145	T32	13
d-phlag_0010-c_min3max81-r	1615	187	198	0	0.1	3	T79	T172	45
d-phlag_0010-c_min3max81-r	1500	0	500	0	0.25	2	T98	T160	45
d-phlag_0010-c_min3max81-r	1786	16	11	187	0.1	3	T151	T102	1
d-phlag_0010-c_min3max81-r	1500	0	500	0	0.25	2	T25	T56	7
d-phlag_0010-c_min3max81-r	1319	81	24	576	0.3	2	T14	T148	10
d-phlag_0010-c_min3max81-r	1400	0	0	600	0.3	2	T199	T109	26
d-phlag_0010-c_min3max81-r	1502	0	498	0	0.25	3	T131	T67	38
d-phlag_0010-c_min3max81-r	1392	8	50	550	0.3	3	T197	T161	39
d-phlag_0010-c_min3max81-r	1899	1	0	100	0.05	1	T107	T198	19
d-phlag_0010-c_min3max81-r	1597	3	0	400	0.2	1	T70	T7	17
d-phlag_0010-c_min3max81-r	1690	10	0	300	0.15	2	T198	T127	38
d-phlag_0010-c_min3max81-r	1577	23	0	400	0.2	4	T136	T110	31
d-phlag_0010-c_min3max81-r	1492	8	0	500	0.25	1	T166	T34	28
d-phlag_0010-c_min3max81-r	1843	57	1	99	0.05	2	T138	T132	9
d-phlag_0010-c_min3max81-r	1697	3	0	300	0.15	4	T127	T134	40
d-phlag_0010-c_min3max81-r	1399	1	104	496	0.3	2	T36	T83	35
d-phlag_0010-c_min3max81-r	1573	27	400	0	0.2	1	T169	T25	5
d-phlag_0010-c_min3max81-r	1512	88	1	399	0.2	1	T195	T75	23
d-phlag_0010-c_min3max81-r	1800	0	200	0	0.1	2	T30	T47	37
d-phlag_0010-c_min3max81-r	1700	0	300	0	0.15	3	T144	T195	28
d-phlag_0010-c_min3max81-r	1800	0	200	0	0.1	4	T12	T59	23
d-phlag_0010-c_min3max81-r	1797	3	0	200	0.1	2	T56	T112	49
d-phlag_0010-c_min3max81-r	1427	75	382	116	0.25	3	T47	T32	26
d-phlag_0010-c_min3max81-r	1800	0	200	0	0.1	1	T74	T52	18
d-phlag_0010-c_min3max81-r	1677	23	10	290	0.15	2	T153	T30	29
d-phlag_0010-c_min3max81-r	1600	0	0	400	0.2	1	T2	T60	39
d-phlag_0010-c_min3max81-r	1351	49	10	590	0.3	2	T13	T161	23
d-phlag_0010-c_min3max81-r	1400	0	600	0	0.3	1	T182	T29	15
d-phlag_0010-c_min3max81-r	1799	1	1	199	0.1	1	T143	T121	35
d-phlag_0010-c_min3max81-r	1600	0	0	400	0.2	1	T140	T110	20
d-phlag_0010-c_min3max81-r	1286	414	222	78	0.15	3	T133	T115	24
d-phlag_0010-c_min3max81-r	1382	18	0	600	0.3	1	T3	T68	4
d-phlag_0010-c_min3max81-r	1400	0	2	598	0.3	1	T198	T101	10
d-phlag_0010-c_min3max81-r	1593	8	3	396	0.2	3	T76	T133	38
d-phlag_0010-c_min3max81-r	1593	7	10	390	0.2	4	T25	T56	7
d-phlag_0010-c_min3max81-r	1388	12	131	469	0.3	2	T120	T43	50
d-phlag_0010-c_min3max81-r	1500	0	500	0	0.25	2	T192	T160	44
d-phlag_0010-c_min3max81-r	1500	0	500	0	0.25	1	T23	T66	22
d-phlag_0010-c_min3max81-r	1800	0	0	200	0.1	2	T159	T119	22
d-phlag_0010-c_min3max81-r	1693	7	300	0	0.15	1	T97	T32	13
d-phlag_0010-c_min3max81-r	1500	0	500	0	0.25	1	T85	T31	25
d-phlag_0010-c_min3max81-r	1896	4	0	100	0.05	2	T38	T134	34
d-phlag_0010-c_min3max81-r	1800	0	0	200	0.1	1	T187	T11	14
d-phlag_0010-c_min3max81-r	1400	0	600	0	0.3	2	T150	T36	4
d-phlag_0010-c_min3max81-r	1600	0	400	0	0.2	1	T101	T126	4
d-phlag_0010-c_min3max81-r	1091	509	218	182	0.2	1	T77	T87	27
d-phlag_0010-c_min3max81-r	1400	0	600	0	0.3	1	T129	T57	11
d-phlag_0010-c_min3max81-r	1895	5	0	100	0.05	1	T138	T147	38
d-phlag_0010-c_min3max81-r	1600	0	0	400	0.2	2	T139	T88	43
d-phlag_0010-c_min3max81-r	1700	0	300	0	0.15	3	T194	T41	19
d-phlag_0010-c_min3max81-r	1600	0	313	87	0.2	4	T2	T58	17
d-phlag_0010-c_min3max81-r	1597	3	0	400	0.2	1	T198	T102	40
d-phlag_0010-c_min3max81-r	1517	83	400	0	0.2	5	T129	T57	11
d-phlag_0010-c_min3max81-r	992	408	433	167	0.3	2	T114	T186	50
d-phlag_0010-c_min3max81-r	1900	0	100	0	0.05	1	T16	T190	42
d-phlag_0010-c_min3max81-r	1688	12	2	298	0.15	3	T175	T76	36
d-phlag_0010-c_min3max81-r	1901	0	99	0	0.05	3	T167	T106	4
d-phlag_0010-c_min3max81-r	1367	233	0	400	0.2	1	T142	T10	17
d-phlag_0010-c_min3max81-r	1900	0	0	100	0.05	1	T199	T109	26
d-phlag_0010-c_min3max81-r	1894	6	0	100	0.05	1	T175	T194	41
d-phlag_0010-c_min3max81-r	1800	0	4	196	0.1	2	T140	T194	48
d-phlag_0010-c_min3max81-r	1400	0	0	600	0.3	1	T51	T80	35
d-phlag_0010-c_min3max81-r	1867	34	1	98	0.05	3	T114	T60	18
d-phlag_0010-c_min3max81-r	1900	0	100	0	0.05	2	T37	T28	11
d-phlag_0010-c_min3max81-r	1800	0	0	200	0.1	1	T88	T49	21
d-phlag_0010-c_min3max81-r	1500	0	500	0	0.25	1	T58	T103	21
d-phlag_0010-c_min3max81-r	1494	8	1	497	0.25	3	T7	T19	26
d-phlag_0010-c_min3max81-r	1495	5	0	500	0.25	2	T188	T47	18
d-phlag_0010-c_min3max81-r	1793	7	0	200	0.1	1	T138	T147	38
d-phlag_0010-c_min3max81-r	1800	0	200	0	0.1	1	T2	T176	20
d-phlag_0010-c_min3max81-r	1700	0	0	300	0.15	1	T158	T11	36
d-phlag_0010-c_min3max81-r	1592	108	300	0	0.15	2	T82	T155	42
d-phlag_0010-c_min3max81-r	1798	4	0	198	0.1	3	T174	T115	28
d-phlag_0010-c_min3max81-r	1734	167	99	0	0.05	3	T184	T189	26
d-phlag_0010-c_min3max81-r	1497	3	0	500	0.25	1	T50	T1	14
d-phlag_0010-c_min3max81-r	1800	0	0	200	0.1	1	T101	T107	17
d-phlag_0010-c_min3max81-r	1400	0	600	0	0.3	1	T16	T49	9
d-phlag_0010-c_min3max81-r	1586	14	0	400	0.2	1	T78	T150	47
d-phlag_0010-c_min3max81-r	1676	24	13	287	0.15	3	T25	T56	7
d-phlag_0010-c_min3max81-r	1326	174	0	500	0.25	1	T197	T161	39
d-phlag_0010-c_min3max81-r	1109	393	372	126	0.25	3	T139	T123	27
d-phlag_0010-c_min3max81-r	1400	0	0	600	0.3	1	T57	T86	32
d-phlag_0010-c_min3max81-r	1901	0	99	0	0.05	3	T57	T177	43
d-phlag_0010-c_min3max81-r	1802	0	198	0	0.1	3	T20	T59	28
d-phlag_0010-c_min3max81-r	1696	4	116	184	0.15	2	T172	T49	22
d-phlag_0010-c_min3max81-r	1668	132	189	11	0.1	1	T12	T36	3
d-phlag_0010-c_min3max81-r	1900	0	100	0	0.05	1	T192	T23	48
d-phlag_0010-c_min3max81-r	1785	15	0	200	0.1	1	T161	T158	8
d-phlag_0010-c_min3max81-r	1900	0	100	0	0.05	1	T20	T59	28
d-phlag_0010-c_min3max81-r	1316	484	0	200	0.1	1	T38	T181	50
d-phlag_0010-c_min3max81-r	1700	0	0	300	0.15	2	T128	T77	35
d-phlag_0010-c_min3max81-r	1694	6	0	300	0.15	2	T29	T187	29
d-phlag_0010-c_min3max81-r	1461	39	0	500	0.25	1	T119	T198	9
d-phlag_0010-c_min3max81-r	1500	0	0	500	0.25	2	T117	T95	31
d-phlag_0010-c_min3max81-r	1700	0	4	296	0.15	2	T20	T124	35
d-phlag_0010-c_min3max81-r	1601	0	4	395	0.2	3	T171	T77	31
d-phlag_0010-c_min3max81-r	1800	0	1	199	0.1	2	T64	T39	15
d-phlag_0010-c_min3max81-r	1600	0	400	0	0.2	2	T139	T115	38
d-phlag_0010-c_min3max81-r	1689	11	1	299	0.15	2	T77	T112	41
d-phlag_0010-c_min3max81-r	1598	2	0	400	0.2	2	T165	T132	7
d-phlag_0010-c_min3max81-r	1500	0	0	500	0.25	1	T127	T105	37
d-phlag_0010-c_min3max81-r	1575	25	0	400	0.2	2	T117	T95	31
d-phlag_0010-c_min3max81-r	1894	6	0	100	0.05	2	T194	T198	20
d-phlag_0010-c_min3max81-r	1800	0	200	0	0.1	2	T193	T127	10
d-phlag_0010-c_min3max81-r	1799	3	3	195	0.1	3	T4	T127	47
d-phlag_0010-c_min3max81-r	1388	12	2	598	0.3	2	T146	T99	23
d-phlag_0010-c_min3max81-r	1691	9	4	296	0.15	3	T7	T19	26
d-phlag_0010-c_min3max81-r	1756	144	1	99	0.05	4	T173	T48	9
d-phlag_0010-c_min3max81-r	1387	13	0	600	0.3	1	T114	T140	37
d-phlag_0010-c_min3max81-r	1386	14	8	592	0.3	4	T13	T7	47
d-phlag_0010-c_min3max81-r	1696	4	7	293	0.15	3	T197	T176	4
d-phlag_0010-c_min3max81-r	1400	400	0	200	0.1	2	T72	T198	18
d-phlag_0010-c_min3max81-r	1775	25	3	197	0.1	4	T109	T111	10
d-phlag_0010-c_min3max81-r	1490	10	3	497	0.25	2	T86	T61	13
d-phlag_0010-c_min3max81-r	1633	267	100	0	0.05	4	T140	T194	48
d-phlag_0010-c_min3max81-r	1592	9	1	398	0.2	3	T29	T187	29
d-phlag_0010-c_min3max81-r	1696	4	0	300	0.15	1	T2	T60	39
d-phlag_0010-c_min3max81-r	1693	7	0	300	0.15	1	T166	T177	30
d-phlag_0010-c_min3max81-r	1699	1	5	295	0.15	2	T136	T110	31
d-phlag_0010-c_min3max81-r	1600	0	0	400	0.2	1	T108	T4	8
d-phlag_0010-c_min3max81-r	1802	0	198	0	0.1	3	T129	T57	11
d-phlag_0010-c_min3max81-r	1700	0	300	0	0.15	1	T106	T156	39
d-phlag_0010-c_min3max81-r	1900	0	100	0	0.05	1	T27	T24	14
d-phlag_0010-c_min3max81-r	1800	0	200	0	0.1	2	T47	T72	31
d-phlag_0010-c_min3max81-r	1547	53	7	393	0.2	2	T197	T176	4
d-phlag_0010-c_min3max81-r	1447	453	0	100	0.05	2	T57	T86	32
d-phlag_0010-c_min3max81-r	1800	0	1	199	0.1	1	T128	T160	5
d-phlag_0010-c_min3max81-r	1700	0	0	300	0.15	2	T194	T198	20
d-phlag_0010-c_min3max81-r	1600	0	0	400	0.2	1	T73	T127	40
d-phlag_0010-c_min3max81-r	1796	105	1	98	0.05	3	T130	T177	42
d-phlag_0010-c_min3max81-r	1547	54	0	399	0.2	3	T34	T40	42
d-phlag_0010-c_min3max81-r	1389	11	5	595	0.3	2	T7	T68	41
d-phlag_0010-c_min3max81-r	1599	1	1	399	0.2	1	T151	T102	1
d-phlag_0010-c_min3max81-r	1400	0	600	0	0.3	1	T70	T115	5
d-phlag_0010-c_min3max81-r	1397	3	0	600	0.3	2	T77	T112	41
d-phlag_0010-c_min3max81-r	1400	0	0	600	0.3	1	T96	T105	47
d-phlag_0010-c_min3max81-r	1599	2	0	399	0.2	3	T86	T61	13
d-phlag_0010-c_min3max81-r	1600	0	74	326	0.2	2	T76	T57	35
d-phlag_0010-c_min3max81-r	1840	60	0	100	0.05	2	T73	T198	18
d-phlag_0010-c_min3max81-r	1670	30	300	0	0.15	2	T172	T111	6
d-phlag_0010-c_min3max81-r	1390	10	0	600	0.3	1	T41	T190	23
d-phlag_0010-c_min3max81-r	1400	0	0	600	0.3	2	T159	T8	49
d-phlag_0010-c_min3max81-r	1662	38	0	300	0.15	3	T87	T186	16
d-phlag_0010-c_min3max81-r	1800	0	200	0	0.1	1	T76	T57	35
d-phlag_0010-c_min3max81-r	1583	17	400	0	0.2	2	T126	T117	39
d-phlag_0010-c_min3max81-r	1400	0	0	600	0.3	1	T67	T68	29
d-phlag_0010-c_min3max81-r	1421	381	185	13	0.1	3	T41	T97	24
d-phlag_0010-c_min3max81-r	1898	2	0	100	0.05	2	T118	T48	32
d-phlag_0010-c_min3max81-r	1800	0	200	0	0.1	5	T180	T192	2
d-phlag_0010-c_min3max81-r	1700	0	300	0	0.15	2	T48	T185	32
d-phlag_0010-c_min3max81-r	1392	8	3	597	0.3	1	T44	T178	12
d-phlag_0010-c_min3max81-r	1497	3	0	500	0.25	2	T195	T176	34
d-phlag_0010-c_min3max81-r	1900	0	100	0	0.05	2	T36	T83	35
d-phlag_0010-c_min3max81-r	1291	409	283	17	0.15	2	T58	T16	44
d-phlag_0010-c_min3max81-r	1478	22	2	498	0.25	1	T146	T99	23
d-phlag_0010-c_min3max81-r	1693	7	10	290	0.15	1	T19	T7	25
d-phlag_0010-c_min3max81-r	1800	0	200	0	0.1	2	T37	T28	11
d-phlag_0010-c_min3max81-r	1900	1	2	97	0.05	3	T73	T179	46
d-phlag_0010-c_min3max81-r	1700	0	0	300	0.15	1	T138	T132	9
d-phlag_0010-c_min3max81-r	1720	180	94	6	0.05	2	T172	T69	45
d-phlag_0010-c_min3max81-r	1900	0	0	100	0.05	2	T88	T49	21
d-phlag_0010-c_min3max81-r	1800	0	0	200	0.1	1	T77	T112	41
d-phlag_0010-c_min3max81-r	1561	39	345	55	0.2	2	T6	T112	2
d-phlag_0010-c_min3max81-r	1697	3	90	210	0.15	4	T100	T97	31
d-phlag_0010-c_min3max81-r	1496	4	0	500	0.25	2	T88	T49	21
d-phlag_0010-c_min3max81-r	1796	4	0	200	0.1	2	T17	T127	17
d-phlag_0010-c_min3max81-r	1325	75	1	599	0.3	3	T185	T6	9
d-phlag_0010-c_min3max81-r	1765	35	200	0	0.1	2	T113	T29	36
d-phlag_0010-c_min3max81-r	1800	0	200	0	0.1	2	T30	T83	35
d-phlag_0010-c_min3max81-r	1900	0	0	100	0.05	2	T117	T137	40
d-phlag_0010-c_min3max81-r	1501	1	0	498	0.25	3	T200	T123	30
d-phlag_0010-c_min3max81-r	1699	1	1	299	0.15	1	T102	T113	10
d-phlag_0010-c_min3max81-r	1272	328	400	0	0.2	2	T191	T91	3
d-phlag_0010-c_min3max81-r	1894	6	2	98	0.05	2	T135	T177	4
d-phlag_0010-c_min3max81-r	1890	10	0	100	0.05	2	T131	T102	21
d-phlag_0010-c_min3max81-r	1558	42	4	396	0.2	2	T153	T30	29
d-phlag_0010-c_min3max81-r	1699	1	0	300	0.15	3	T131	T102	21
d-phlag_0010-c_min3max81-r	1599	1	2	398	0.2	1	T27	T15	47
d-phlag_0010-c_min3max81-r	1493	7	485	15	0.25	1	T97	T32	13
d-phlag_0010-c_min3max81-r	1800	0	200	0	0.1	1	T192	T160	44
d-phlag_0010-c_min3max81-r	1699	1	0	300	0.15	2	T149	T105	31
d-phlag_0010-c_min3max81-r	1500	0	0	500	0.25	2	T62	T40	20
d-phlag_0010-c_min3max81-r	1419	81	5	495	0.25	2	T132	T61	32
d-phlag_0010-c_min3max81-r	1502	0	498	0	0.25	3	T118	T78	17
d-phlag_0010-c_min3max81-r	1900	0	100	0	0.05	1	T63	T46	7
d-phlag_0010-c_min3max81-r	1400	0	600	0	0.3	4	T129	T95	46
d-phlag_0010-c_min3max81-r	1574	26	400	0	0.2	2	T145	T94	8
d-phlag_0010-c_min3max81-r	1700	0	0	300	0.15	1	T181	T21	47
d-phlag_0010-c_min3max81-r	1493	7	0	500	0.25	2	T71	T144	11
d-phlag_0010-c_min3max81-r	1789	11	2	198	0.1	2	T27	T15	47
d-phlag_0010-c_min3max81-r	1588	12	0	400	0.2	2	T23	T195	39
d-phlag_0010-c_min3max81-r	1397	3	0	600	0.3	5	T121	T93	5
d-phlag_0010-c_min3max81-r	1601	0	399	0	0.2	3	T50	T148	10
d-phlag_0010-c_min3max81-r	1800	0	200	0	0.1	5	T131	T67	38
d-phlag_0010-c_min3max81-r	1500	0	0	500	0.25	2	T139	T88	43
d-phlag_0010-c_min3max81-r	1586	14	2	398	0.2	1	T86	T133	46
d-phlag_0010-c_min3max81-r	1486	14	0	500	0.25	2	T56	T28	28
d-phlag_0010-c_min3max81-r	1900	0	100	0	0.05	2	T44	T178	12
d-phlag_0010-c_min3max81-r	1662	38	0	300	0.15	2	T7	T68	41
d-phlag_0010-c_min3max81-r	1473	27	2	498	0.25	1	T18	T11	48
d-phlag_0010-c_min3max81-r	1900	0	100	0	0.05	1	T48	T148	12
d-phlag_0010-c_min3max81-r	1209	291	500	0	0.25	4	T193	T127	10
d-phlag_0010-c_min3max81-r	1700	0	300	0	0.15	2	T169	T25	5
d-phlag_0010-c_min3max81-r	1800	0	0	200	0.1	1	T118	T48	32
d-phlag_0010-c_min3max81-r	1788	12	0	200	0.1	1	T114	T60	18
d-phlag_0010-c_min3max81-r	1500	0	0	500	0.25	1	T167	T124	33
d-phlag_0010-c_min3max81-r	1495	5	68	432	0.25	2	T15	T112	17
d-phlag_0010-c_min3max81-r	1788	12	0	200	0.1	1	T172	T49	22
d-phlag_0010-c_min3max81-r	1199	301	363	137	0.25	1	T134	T88	24
d-phlag_0010-c_min3max81-r	1012	889	0	99	0.05	3	T136	T110	31
d-phlag_0010-c_min3max81-r	1500	0	43	457	0.25	2	T72	T138	44
d-phlag_0010-c_min3max81-r	1500	0	0	500	0.25	1	T33	T31	19
d-phlag_0010-c_min3max81-r	1460	40	0	500	0.25	1	T13	T161	23
d-phlag_0010-c_min3max81-r	1600	0	0	400	0.2	1	T85	T79	31
d-phlag_0010-c_min3max81-r	1405	495	95	5	0.05	1	T19	T145	50
d-phlag_0010-c_min3max81-r	1583	18	0	399	0.2	3	T171	T24	37
d-phlag_0010-c_min3max81-r	1491	9	4	496	0.25	4	T24	T150	34
d-phlag_0010-c_min3max81-r	1178	324	305	193	0.25	3	T144	T28	44
d-phlag_0010-c_min3max81-r	1389	11	31	569	0.3	5	T133	T156	49
d-phlag_0010-c_min3max81-r	1396	4	1	599	0.3	1	T69	T199	8
d-phlag_0010-c_min3max81-r	1500	0	1	499	0.25	2	T98	T46	13
d-phlag_0010-c_min3max81-r	1500	0	0	500	0.25	2	T136	T105	40
d-phlag_0010-c_min3max81-r	1473	29	498	0	0.25	3	T130	T52	43
d-phlag_0010-c_min3max81-r	1381	19	2	598	0.3	3	T84	T13	33
d-phlag_0010-c_min3max81-r	1700	0	0	300	0.15	1	T93	T77	36
d-phlag_0010-c_min3max81-r	1600	0	0	400	0.2	1	T70	T151	14
d-phlag_0010-c_min3max81-r	1863	38	0	99	0.05	3	T191	T198	16
d-phlag_0010-c_min3max81-r	1500	0	500	0	0.25	1	T2	T176	20
d-phlag_0010-c_min3max81-r	1596	4	2	398	0.2	1	T50	T1	14
d-phlag_0010-c_min3max81-r	1496	4	0	500	0.25	2	T17	T198	23
d-phlag_0010-c_min3max81-r	1032	468	338	162	0.25	1	T85	T19	44
d-phlag_0010-c_min3max81-r	1500	0	0	500	0.25	2	T128	T160	5
d-phlag_0010-c_min3max81-r	1694	6	1	299	0.15	5	T192	T52	31
d-phlag_0010-c_min3max81-r	1600	0	36	364	0.2	1	T144	T46	7
d-phlag_0010-c_min3max81-r	1400	0	0	600	0.3	1	T104	T184	19
d-phlag_0010-c_min3max81-r	1293	107	0	600	0.3	4	T9	T199	45
d-phlag_0010-c_min3max81-r	1794	6	200	0	0.1	1	T101	T126	4
d-phlag_0010-c_min3max81-r	1690	10	1	299	0.15	3	T151	T183	29
d-phlag_0010-c_min3max81-r	1502	0	498	0	0.25	3	T179	T163	46
d-phlag_0010-c_min3max81-r	1893	7	79	21	0.05	4	T106	T158	43
d-phlag_0010-c_min3max81-r	1134	467	1	398	0.2	3	T19	T145	50
d-phlag_0010-c_min3max81-r	1900	0	1	99	0.05	1	T127	T105	37
d-phlag_0010-c_min3max81-r	1461	39	445	55	0.25	1	T6	T112	2
d-phlag_0010-c_min3max81-r	960	440	365	235	0.3	3	T77	T87	27
d-phlag_0010-c_min3max81-r	1800	0	200	0	0.1	2	T85	T31	25
d-phlag_0010-c_min3max81-r	1657	145	0	198	0.1	3	T109	T71	42
d-phlag_0010-c_min3max81-r	1900	0	100	0	0.05	2	T90	T29	12
d-phlag_0010-c_min3max81-r	1700	0	3	297	0.15	1	T78	T150	47
d-phlag_0010-c_min3max81-r	1900	0	12	88	0.05	1	T65	T181	22
d-phlag_0010-c_min3max81-r	1899	1	0	100	0.05	1	T2	T60	39
d-phlag_0010-c_min3max81-r	1799	1	9	191	0.1	2	T7	T15	49
d-phlag_0010-c_min3max81-r	1598	2	0	400	0.2	1	T174	T115	28
d-phlag_0010-c_min3max81-r	1502	0	498	0	0.25	3	T103	T190	12
d-phlag_0010-c_min3max81-r	1488	12	4	496	0.25	1	T113	T15	49
d-phlag_0010-c_min3max81-r	1785	15	0	200	0.1	1	T179	T106	9
d-phlag_0010-c_min3max81-r	1400	0	0	600	0.3	2	T99	T180	26
d-phlag_0010-c_min3max81-r	1581	119	1	299	0.15	1	T130	T4	9
d-phlag_0010-c_min3max81-r	1800	0	200	0	0.1	2	T2	T142	34
d-phlag_0010-c_min3max81-r	1139	561	202	98	0.15	4	T9	T123	27
d-phlag_0010-c_min3max81-r	1789	13	14	184	0.1	3	T57	T44	14
d-phlag_0010-c_min3max81-r	1700	0	1	299	0.15	1	T133	T156	49
d-phlag_0010-c_min3max81-r	1400	0	600	0	0.3	1	T182	T200	33
d-phlag_0010-c_min3max81-r	1400	0	0	600	0.3	1	T115	T171	15
d-phlag_0010-c_min3max81-r	1400	0	0	600	0.3	3	T169	T170	2
d-phlag_0010-c_min3max81-r	1400	0	0	600	0.3	1	T126	T142	22
d-phlag_0010-c_min3max81-r	1794	8	1	197	0.1	3	T1	T117	30
d-phlag_0010-c_min3max81-r	1400	0	1	599	0.3	2	T70	T42	16
d-phlag_0010-c_min3max81-r	1372	28	0	600	0.3	1	T20	T59	28
d-phlag_0010-c_min3max81-r	949	451	466	134	0.3	4	T125	T69	44
d-phlag_0010-c_min3max81-r	1600	0	400	0	0.2	4	T71	T37	10
d-phlag_0010-c_min3max81-r	1387	13	0	600	0.3	2	T101	T55	1
d-phlag_0010-c_min3max81-r	1900	0	100	0	0.05	2	T6	T118	21
d-phlag_0010-c_min3max81-r	1695	5	21	279	0.15	4	T28	T86	32
d-phlag_0010-c_min3max81-r	1900	0	100	0	0.05	2	T15	T6	22
d-phlag_0010-c_min3max81-r	1700	0	300	0	0.15	1	T29	T32	46
d-phlag_0010-c_min3max81-r	1900	0	0	100	0.05	1	T44	T128	25
d-phlag_0010-c_min3max81-r	1700	0	300	0	0.15	3	T76	T108	32
d-phlag_0010-c_min3max81-r	1893	7	1	99	0.05	4	T32	T188	26
d-phlag_0010-c_min3max81-r	1500	0	0	500	0.25	1	T200	T107	33
d-phlag_0010-c_min3max81-r	1600	0	400	0	0.2	1	T35	T120	12
d-phlag_0010-c_min3max81-r	1400	0	0	600	0.3	1	T158	T11	36
d-phlag_0010-c_min3max81-r	1453	47	0	500	0.25	4	T140	T194	48
d-phlag_0010-c_min3max81-r	1400	0	600	0	0.3	1	T142	T128	6
d-phlag_0010-c_min3max81-r	1598	2	0	400	0.2	5	T56	T28	28
d-phlag_0010-c_min3max81-r	1172	328	279	221	0.25	4	T89	T145	50
d-phlag_0010-c_min3max81-r	1246	554	81	119	0.1	1	T114	T186	50
d-phlag_0010-c_min3max81-r	1900	0	100	0	0.05	1	T96	T167	14
d-phlag_0010-c_min3max81-r	1601	0	399	0	0.2	3	T13	T87	5
d-phlag_0010-c_min3max81-r	1380	20	0	600	0.3	1	T28	T86	32
d-phlag_0010-c_min3max81-r	1787	13	1	199	0.1	1	T181	T154	49
d-phlag_0010-c_min3max81-r	1502	0	0	498	0.25	3	T35	T7	16
d-phlag_0010-c_min3max81-r	1478	22	500	0	0.25	2	T193	T143	30
d-phlag_0010-c_min3max81-r	1400	0	600	0	0.3	2	T145	T94	8
d-phlag_0010-c_min3max81-r	1598	2	5	395	0.2	1	T197	T161	39
d-phlag_0010-c_min3max81-r	1502	0	498	0	0.25	3	T148	T130	43
d-phlag_0010-c_min3max81-r	1698	2	36	264	0.15	5	T94	T180	11
d-phlag_0010-c_min3max81-r	1800	0	200	0	0.1	2	T57	T177	43
d-phlag_0010-c_min3max81-r	1295	105	10	590	0.3	6	T175	T76	36
d-phlag_0010-c_min3max81-r	1583	117	296	4	0.15	3	T12	T36	3
d-phlag_0010-c_min3max81-r	1495	7	1	497	0.25	3	T96	T105	47
d-phlag_0010-c_min3max81-r	1500	0	500	0	0.25	1	T82	T190	6
d-phlag_0010-c_min3max81-r	1794	6	0	200	0.1	1	T148	T86	25
d-phlag_0010-c_min3max81-r	1392	8	0	600	0.3	1	T98	T22	41
d-phlag_0010-c_min3max81-r	1794	8	0	198	0.1	3	T46	T70	1
d-phlag_0010-c_min3max81-r	1500	0	0	500	0.25	1	T44	T128	25
d-phlag_0010-c_min3max81-r	1236	364	334	66	0.2	1	T30	T188	44
d-phlag_0010-c_min3max81-r	1500	0	2	498	0.25	1	T50	T138	21
d-phlag_0010-c_min3max81-r	1379	21	3	597	0.3	2	T14	T180	4
d-phlag_0010-c_min3max81-r	1082	318	370	230	0.3	1	T150	T137	44
d-phlag_0010-c_min3max81-r	1900	0	100	0	0.05	5	T185	T142	34
d-phlag_0010-c_min3max81-r	1652	48	300	0	0.15	3	T178	T149	19
d-phlag_0010-c_min3max81-r	1799	1	23	177	0.1	2	T196	T8	26
d-phlag_0010-c_min3max81-r	1400	0	600	0	0.3	1	T6	T94	32
d-phlag_0010-c_min3max81-r	1600	0	400	0	0.2	2	T6	T118	21
d-phlag_0010-c_min3max81-r	1496	6	221	277	0.25	3	T90	T10	24
d-phlag_0010-c_min3max81-r	1600	0	0	400	0.2	1	T159	T119	22
d-phlag_0010-c_min3max81-r	1400	0	1	599	0.3	2	T109	T111	10
d-phlag_0010-c_min3max81-r	1700	0	300	0	0.15	1	T31	T191	25
d-phlag_0010-c_min3max81-r	1900	1	0	99	0.05	3	T71	T144	11
d-phlag_0010-c_min3max81-r	1310	90	0	600	0.3	3	T179	T106	9
d-phlag_0010-c_min3max81-r	1500	0	500	0	0.25	1	T29	T32	46
d-phlag_0010-c_min3max81-r	1453	447	0	100	0.05	1	T30	T188	44
d-phlag_0010-c_min3max81-r	1780	20	0	200	0.1	2	T20	T32	5
d-phlag_0010-c_min3max81-r	1792	108	100	0	0.05	2	T82	T155	42
d-phlag_0010-c_min3max81-r	1597	3	4	396	0.2	1	T181	T154	49
d-phlag_0010-c_min3max81-r	1900	0	1	99	0.05	2	T108	T86	6
d-phlag_0010-c_min3max81-r	1700	0	300	0	0.15	2	T171	T4	2
d-phlag_0010-c_min3max81-r	1900	0	3	97	0.05	1	T92	T64	49
d-phlag_0010-c_min3max81-r	1397	3	5	595	0.3	2	T7	T15	49
d-phlag_0010-c_min3max81-r	1581	19	8	392	0.2	1	T81	T36	13
d-phlag_0010-c_min3max81-r	1900	0	100	0	0.05	2	T136	T196	28
d-phlag_0010-c_min3max81-r	1900	0	0	100	0.05	2	T200	T123	30
d-phlag_0010-c_min3max81-r	1627	173	169	31	0.1	1	T172	T69	45
d-phlag_0010-c_min3max81-r	1800	0	200	0	0.1	2	T38	T46	33
d-phlag_0010-c_min3max81-r	1452	50	21	477	0.25	3	T109	T76	36
d-phlag_0010-c_min3max81-r	1627	173	200	0	0.1	1	T18	T5	33
d-phlag_0010-c_min3max81-r	1900	0	1	99	0.05	1	T13	T7	47
d-phlag_0010-c_min3max81-r	1900	0	100	0	0.05	1	T100	T97	31
d-phlag_0010-c_min3max81-r	1499	1	0	500	0.25	1	T57	T160	17
d-phlag_0010-c_min3max81-r	1485	15	4	496	0.25	2	T198	T101	10
d-phlag_0010-c_min3max81-r	1399	1	26	574	0.3	2	T96	T167	14
d-phlag_0010-c_min3max81-r	1900	0	100	0	0.05	1	T159	T58	33
d-phlag_0010-c_min3max81-r	1585	15	6	394	0.2	4	T57	T160	17
d-phlag_0010-c_min3max81-r	1158	542	300	0	0.15	2	T126	T100	21
d-phlag_0010-c_min3max81-r	1585	15	1	399	0.2	2	T60	T59	31
d-phlag_0010-c_min3max81-r	922	478	334	266	0.3	2	T17	T30	27
d-phlag_0010-c_min3max81-r	1601	0	399	0	0.2	3	T29	T32	46
d-phlag_0010-c_min3max81-r	1255	145	209	391	0.3	2	T32	T37	45
d-phlag_0010-c_min3max81-r	1900	0	0	100	0.05	5	T127	T134	40
d-phlag_0010-c_min3max81-r	1371	29	1	599	0.3	3	T139	T88	43
d-phlag_0010-c_min3max81-r	1800	0	200	0	0.1	2	T107	T167	8
d-phlag_0010-c_min3max81-r	1686	14	3	297	0.15	2	T37	T24	2
d-phlag_0010-c_min3max81-r	1250	450	225	75	0.15	1	T105	T80	27
d-phlag_0010-c_min3max81-r	1663	37	5	295	0.15	2	T20	T106	3
d-phlag_0010-c_min3max81-r	1607	93	300	0	0.15	1	T6	T128	16
d-phlag_0010-c_min3max81-r	1600	0	0	400	0.2	1	T56	T112	49
d-phlag_0010-c_min3max81-r	1393	7	0	600	0.3	1	T200	T151	14
d-phlag_0010-c_min3max81-r	1500	0	500	0	0.25	4	T23	T171	10
d-phlag_0010-c_min3max81-r	1600	0	400	0	0.2	1	T139	T175	47
d-phlag_0010-c_min3max81-r	1400	0	600	0	0.3	2	T126	T117	39
d-phlag_0010-c_min3max81-r	1585	16	0	399	0.2	3	T140	T194	48
d-phlag_0010-c_min3max81-r	1600	1	0	399	0.2	3	T172	T179	46
d-phlag_0010-c_min3max81-r	1611	89	2	298	0.15	4	T25	T57	1
d-phlag_0010-c_min3max81-r	1197	403	284	116	0.2	1	T125	T69	44
d-phlag_0010-c_min3max81-r	1690	10	0	300	0.15	3	T154	T107	48
d-phlag_0010-c_min3max81-r	1800	0	200	0	0.1	4	T88	T120	12
d-phlag_0010-c_min3max81-r	1497	3	2	498	0.25	1	T88	T180	19
d-phlag_0010-c_min3max81-r	1600	0	400	0	0.2	2	T136	T144	8
d-phlag_0010-c_min3max81-r	1788	12	0	200	0.1	1	T104	T131	1
d-phlag_0010-c_min3max81-r	1400	0	0	600	0.3	1	T7	T30	32
d-phlag_0010-c_min3max81-r	1398	2	0	600	0.3	3	T159	T119	22
d-phlag_0010-c_min3max81-r	1689	11	22	278	0.15	2	T96	T167	14
d-phlag_0010-c_min3max81-r	1500	0	500	0	0.25	2	T67	T22	3
d-phlag_0010-c_min3max81-r	1866	35	0	99	0.05	3	T102	T158	16
d-phlag_0010-c_min3max81-r	1900	0	100	0	0.05	1	T1	T117	30
d-phlag_0010-c_min3max81-r	1898	3	6	93	0.05	3	T107	T17	29
d-phlag_0010-c_min3max81-r	1714	86	196	4	0.1	2	T191	T91	3
d-phlag_0010-c_min3max81-r	1132	568	176	124	0.15	2	T77	T87	27
d-phlag_0010-c_min3max81-r	1496	4	0	500	0.25	1	T151	T102	1
d-phlag_0010-c_min3max81-r	1464	136	1	399	0.2	2	T53	T158	43
d-phlag_0010-c_min3max81-r	1904	0	96	0	0.05	6	T102	T113	10
d-phlag_0010-c_min3max81-r	1770	30	3	197	0.1	2	T159	T58	33
d-phlag_0010-c_min3max81-r	1799	1	0	200	0.1	1	T4	T5	22
d-phlag_0010-c_min3max81-r	1093	507	247	153	0.2	2	T193	T33	50
d-phlag_0010-c_min3max81-r	1700	0	4	296	0.15	1	T49	T114	30
d-phlag_0010-c_min3max81-r	1395	5	0	600	0.3	2	T108	T137	11
d-phlag_0010-c_min3max81-r	1328	472	0	200	0.1	2	T89	T145	50
d-phlag_0010-c_min3max81-r	1150	450	295	105	0.2	1	T134	T88	24
d-phlag_0010-c_min3max81-r	1786	16	0	198	0.1	3	T172	T179	46
d-phlag_0010-c_min3max81-r	1699	1	2	298	0.15	1	T59	T136	28
d-phlag_0010-c_min3max81-r	1131	769	0	100	0.05	2	T143	T121	35
d-phlag_0010-c_min3max81-r	1499	1	0	500	0.25	2	T23	T195	39
d-phlag_0010-c_min3max81-r	1400	0	428	172	0.3	2	T139	T115	38
d-phlag_0010-c_min3max81-r	1173	427	0	400	0.2	1	T118	T90	50
d-phlag_0010-c_min3max81-r	1451	49	3	497	0.25	2	T153	T30	29
d-phlag_0010-c_min3max81-r	1700	0	0	300	0.15	1	T70	T7	17
d-phlag_0010-c_min3max81-r	1111	389	0	500	0.25	5	T136	T75	50
d-phlag_0010-c_min3max81-r	1195	307	332	166	0.25	3	T16	T97	15
d-phlag_0010-c_min3max81-r	1449	51	0	500	0.25	1	T141	T66	42
d-phlag_0010-c_min3max81-r	1802	0	198	0	0.1	3	T68	T126	37
d-phlag_0010-c_min3max81-r	1025	775	125	75	0.1	2	T18	T89	27
d-phlag_0010-c_min3max81-r	1491	11	3	495	0.25	3	T86	T59	43
d-phlag_0010-c_min3max81-r	1395	5	0	600	0.3	1	T63	T46	7
d-phlag_0010-c_min3max81-r	1711	189	0	100	0.05	2	T47	T130	45
d-phlag_0010-c_min3max81-r	1900	0	100	0	0.05	2	T184	T14	42
d-phlag_0010-c_min3max81-r	1601	0	399	0	0.2	3	T171	T4	2
d-phlag_0010-c_min3max81-r	1497	3	0	500	0.25	1	T177	T124	35
d-phlag_0010-c_min3max81-r	1796	6	3	195	0.1	3	T96	T105	47
d-phlag_0010-c_min3max81-r	1380	20	0	600	0.3	1	T153	T30	29
d-phlag_0010-c_min3max81-r	1683	117	0	200	0.1	1	T130	T177	42
d-phlag_0010-c_min3max81-r	1789	13	198	0	0.1	3	T197	T176	4
d-phlag_0010-c_min3max81-r	1700	0	300	0	0.15	2	T37	T28	11
d-phlag_0010-c_min3max81-r	1695	5	42	258	0.15	1	T13	T160	37
d-phlag_0010-c_min3max81-r	1600	0	0	400	0.2	2	T94	T171	34
d-phlag_0010-c_min3max81-r	1357	43	0	600	0.3	1	T27	T24	14
d-phlag_0010-c_min3max81-r	1325	75	600	0	0.3	1	T2	T176	20
d-phlag_0010-c_min3max81-r	1233	567	200	0	0.1	2	T47	T32	26
d-phlag_0010-c_min3max81-r	1598	2	0	400	0.2	2	T67	T68	29
d-phlag_0010-c_min3max81-r	1788	14	0	198	0.1	6	T10	T8	1
d-phlag_0010-c_min3max81-r	1798	2	7	193	0.1	1	T151	T183	29
d-phlag_0010-c_min3max81-r	1549	52	314	85	0.2	3	T113	T29	36
d-phlag_0010-c_min3max81-r	1600	0	0	400	0.2	2	T20	T124	35
d-phlag_0010-c_min3max81-r	1898	2	0	100	0.05	1	T51	T110	40
d-phlag_0010-c_min3max81-r	1500	0	1	499	0.25	2	T53	T162	11
d-phlag_0010-c_min3max81-r	1597	3	18	382	0.2	2	T16	T190	42
d-phlag_0010-c_min3max81-r	1591	9	0	400	0.2	1	T48	T177	28
d-phlag_0010-c_min3max81-r	1391	9	7	593	0.3	2	T14	T40	34
d-phlag_0010-c_min3max81-r	1507	93	400	0	0.2	2	T6	T128	16
d-phlag_0010-c_min3max81-r	1694	6	3	297	0.15	1	T177	T109	13
d-phlag_0010-c_min3max81-r	1900	0	100	0	0.05	2	T22	T11	29
d-phlag_0010-c_min3max81-r	1496	4	0	500	0.25	2	T130	T177	42
d-phlag_0010-c_min3max81-r	1700	0	0	300	0.15	1	T106	T158	8
d-phlag_0010-c_min3max81-r	1399	1	0	600	0.3	2	T33	T31	19
d-phlag_0010-c_min3max81-r	1396	4	49	551	0.3	4	T142	T10	17
d-phlag_0010-c_min3max81-r	1108	292	8	592	0.3	3	T145	T172	44
d-phlag_0010-c_min3max81-r	1866	34	8	92	0.05	1	T8	T54	38
d-phlag_0010-c_min3max81-r	918	584	166	332	0.25	3	T181	T9	36
d-phlag_0010-c_min3max81-r	1497	5	0	498	0.25	3	T29	T187	29
d-phlag_0010-c_min3max81-r	1700	0	180	120	0.15	2	T17	T197	5
d-phlag_0010-c_min3max81-r	1583	17	204	196	0.2	2	T126	T100	21
d-phlag_0010-c_min3max81-r	1689	11	1	299	0.15	4	T117	T137	40
d-phlag_0010-c_min3max81-r	1500	0	0	500	0.25	1	T115	T171	15
d-phlag_0010-c_min3max81-r	1500	0	500	0	0.25	1	T101	T126	4
d-phlag_0010-c_min3max81-r	1360	440	116	84	0.1	4	T144	T28	44
d-phlag_0010-c_min3max81-r	1900	0	0	100	0.05	2	T101	T107	17
d-phlag_0010-c_min3max81-r	1400	0	3	597	0.3	1	T191	T161	39
d-phlag_0010-c_min3max81-r	1600	0	400	0	0.2	2	T58	T103	21
d-phlag_0010-c_min3max81-r	1700	0	0	300	0.15	1	T125	T141	18
d-phlag_0010-c_min3max81-r	1391	9	0	600	0.3	2	T46	T70	1
d-phlag_0010-c_min3max81-r	1389	11	0	600	0.3	1	T10	T8	1
d-phlag_0010-c_min3max81-r	1772	30	0	198	0.1	3	T71	T144	20
d-phlag_0010-c_min3max81-r	1700	0	0	300	0.15	1	T174	T115	28
d-phlag_0010-c_min3max81-r	1500	0	0	500	0.25	1	T158	T11	36
d-phlag_0010-c_min3max81-r	1700	0	0	300	0.15	2	T94	T171	34
d-phlag_0010-c_min3max81-r	1387	13	4	596	0.3	2	T8	T54	38
d-phlag_0010-c_min3max81-r	1728	72	200	0	0.1	1	T125	T141	18
d-phlag_0010-c_min3max81-r	1488	12	0	500	0.25	2	T187	T11	14
d-phlag_0010-c_min3max81-r	1394	6	364	236	0.3	4	T138	T99	25
d-phlag_0010-c_min3max81-r	1558	42	0	400	0.2	2	T166	T34	28
d-phlag_0010-c_min3max81-r	1400	0	600	0	0.3	1	T193	T113	14
d-phlag_0010-c_min3max81-r	1375	25	17	583	0.3	2	T173	T48	9
d-phlag_0010-c_min3max81-r	1600	0	400	0	0.2	2	T30	T47	37
d-phlag_0010-c_min3max81-r	1797	3	0	200	0.1	2	T111	T137	11
d-phlag_0010-c_min3max81-r	1700	0	0	300	0.15	1	T121	T93	5
d-phlag_0010-c_min3max81-r	1861	39	1	99	0.05	2	T57	T196	42
d-phlag_0010-c_min3max81-r	1587	13	0	400	0.2	2	T52	T29	6
d-phlag_0010-c_min3max81-r	1465	35	250	250	0.25	2	T14	T148	10
d-phlag_0010-c_min3max81-r	1891	9	0	100	0.05	2	T46	T70	1
d-phlag_0010-c_min3max81-r	1800	0	0	200	0.1	2	T139	T159	15
d-phlag_0010-c_min3max81-r	1400	0	0	600	0.3	1	T29	T187	29
