BP-PA	960	540	76	424	0.25	1	T77	T63	22
BP-PA	999	501	350	150	0.25	1	T10	T30	10
BP-PA	1110	790	69	31	0.05	1	T88	T120	12
BP-PA	1543	357	9	91	0.05	1	T114	T140	37
BP-PA	1156	644	151	49	0.1	2	T118	T78	17
BP-PA	1443	257	26	274	0.15	1	T119	T198	9
BP-PA	1383	517	12	88	0.05	2	T8	T13	35
BP-PA	1049	453	85	413	0.25	3	T54	T121	30
BP-PA	990	510	339	161	0.25	4	T137	T3	18
BP-PA	725	675	446	154	0.3	3	T115	T44	46
BP-PA	1166	534	258	42	0.15	1	T148	T130	43
BP-PA	805	795	314	86	0.2	1	T100	T97	31
BP-PA	1388	212	26	374	0.2	2	T200	T123	30
BP-PA	522	878	482	118	0.3	2	T90	T10	24
BP-PA	1301	499	34	166	0.1	1	T151	T134	24
BP-PA	985	915	19	81	0.05	1	T193	T127	10
BP-PA	1005	596	66	333	0.2	3	T102	T113	10
BP-PA	1597	304	6	93	0.05	3	T106	T158	8
BP-PA	1305	497	37	161	0.1	3	T50	T138	21
BP-PA	780	720	352	148	0.25	4	T105	T136	49
BP-PA	975	626	265	134	0.2	3	T181	T9	36
BP-PA	649	751	460	140	0.3	2	T106	T158	43
BP-PA	1042	658	214	86	0.15	1	T113	T29	36
BP-PA	1700	0	300	0	0.15	1	T166	T34	28
BP-PA	1189	613	121	77	0.1	3	T46	T167	27
BP-PA	1531	69	5	395	0.2	1	T51	T91	47
BP-PA	915	485	410	190	0.3	4	T85	T19	44
BP-PA	1579	321	6	94	0.05	1	T52	T29	6
BP-PA	1189	211	43	557	0.3	1	T24	T115	23
BP-PA	986	614	268	132	0.2	1	T137	T102	43
BP-PA	1045	856	73	26	0.05	3	T144	T28	44
BP-PA	1114	786	67	33	0.05	2	T71	T37	10
BP-PA	848	752	314	86	0.2	2	T141	T66	42
BP-PA	1023	477	86	414	0.25	1	T107	T17	29
BP-PA	1452	50	6	492	0.25	3	T133	T140	7
BP-PA	1700	0	300	0	0.15	1	T84	T104	46
BP-PA	1404	396	155	45	0.1	2	T124	T144	29
BP-PA	1712	188	6	94	0.05	2	T185	T6	9
BP-PA	1214	186	41	559	0.3	2	T108	T86	6
BP-PA	937	863	137	63	0.1	1	T15	T112	17
BP-PA	1166	634	145	55	0.1	1	T48	T185	32
BP-PA	1048	552	273	127	0.2	1	T37	T28	11
BP-PA	1473	127	27	373	0.2	1	T114	T152	3
BP-PA	1064	636	201	99	0.15	2	T137	T102	43
BP-PA	1578	122	3	297	0.15	1	T58	T103	21
BP-PA	762	838	318	82	0.2	1	T96	T167	14
BP-PA	1154	646	137	63	0.1	2	T116	T22	3
BP-PA	1068	532	72	328	0.2	1	T7	T68	41
BP-PA	964	536	81	419	0.25	1	T14	T180	4
BP-PA	1269	531	24	176	0.1	1	T20	T124	35
BP-PA	1741	59	2	198	0.1	4	T133	T140	7
BP-PA	1207	193	55	545	0.3	2	T192	T68	26
BP-PA	1105	496	349	50	0.2	3	T148	T130	43
BP-PA	1180	220	56	544	0.3	2	T165	T132	7
BP-PA	1517	183	28	272	0.15	1	T175	T194	41
BP-PA	970	730	64	236	0.15	4	T54	T88	28
BP-PA	1794	6	0	200	0.1	1	T115	T171	15
BP-PA	950	950	72	28	0.05	1	T168	T147	30
BP-PA	1154	246	39	561	0.3	1	T107	T198	19
BP-PA	1684	16	1	299	0.15	3	T149	T49	21
BP-PA	1453	347	21	179	0.1	2	T19	T7	25
BP-PA	1425	75	12	488	0.25	1	T12	T60	34
BP-PA	1477	123	20	380	0.2	1	T29	T116	20
BP-PA	977	823	191	9	0.1	2	T13	T7	47
BP-PA	982	618	293	107	0.2	1	T194	T41	19
BP-PA	1348	552	22	78	0.05	2	T177	T124	35
BP-PA	1120	680	131	69	0.1	1	T137	T102	43
BP-PA	1365	235	23	377	0.2	1	T91	T196	20
BP-PA	1101	599	194	106	0.15	1	T85	T31	25
BP-PA	1313	587	20	80	0.05	1	T90	T80	40
BP-PA	1025	477	77	421	0.25	3	T57	T86	32
BP-PA	1510	91	19	380	0.2	3	T137	T106	1
BP-PA	1225	675	78	22	0.05	2	T85	T19	44
BP-PA	975	625	40	360	0.2	2	T59	T136	28
BP-PA	1340	160	22	478	0.25	1	T185	T6	9
BP-PA	1095	305	56	544	0.3	1	T111	T137	11
BP-PA	1109	791	68	32	0.05	1	T136	T54	24
BP-PA	1075	427	382	116	0.25	3	T64	T181	41
BP-PA	1044	656	184	116	0.15	2	T150	T36	4
BP-PA	1441	159	22	378	0.2	2	T83	T62	47
BP-PA	892	508	421	179	0.3	2	T16	T97	15
BP-PA	1074	626	205	95	0.15	1	T30	T47	37
BP-PA	918	482	429	171	0.3	3	T131	T67	38
BP-PA	637	863	409	91	0.25	2	T8	T54	38
BP-PA	1521	80	10	389	0.2	3	T12	T60	34
BP-PA	918	582	349	151	0.25	2	T68	T111	6
BP-PA	848	552	422	178	0.3	1	T172	T111	6
BP-PA	1155	445	56	344	0.2	1	T84	T13	33
BP-PA	807	693	358	142	0.25	1	T17	T197	5
BP-PA	1162	538	202	98	0.15	1	T15	T6	22
BP-PA	1443	59	5	493	0.25	3	T169	T170	2
BP-PA	1180	220	59	541	0.3	3	T157	T124	33
BP-PA	1157	444	46	353	0.2	3	T143	T121	35
BP-PA	1418	82	8	492	0.25	1	T198	T102	40
BP-PA	1025	775	38	162	0.1	1	T136	T196	28
BP-PA	1832	68	1	99	0.05	1	T139	T102	21
BP-PA	1259	642	13	86	0.05	3	T7	T68	41
BP-PA	948	452	64	536	0.3	3	T68	T170	41
BP-PA	936	665	78	321	0.2	3	T137	T116	39
BP-PA	1751	49	2	198	0.1	1	T85	T79	31
BP-PA	1084	316	58	542	0.3	2	T184	T30	49
BP-PA	1213	287	32	468	0.25	2	T136	T110	31
BP-PA	1262	438	222	78	0.15	1	T103	T130	27
BP-PA	1680	220	8	92	0.05	1	T51	T152	38
BP-PA	1279	421	37	263	0.15	2	T98	T22	41
BP-PA	927	575	334	164	0.25	3	T30	T47	37
BP-PA	1079	721	138	62	0.1	2	T41	T66	22
BP-PA	1199	702	19	80	0.05	3	T148	T86	25
BP-PA	1033	767	44	156	0.1	1	T157	T198	11
BP-PA	1236	464	47	253	0.15	1	T1	T117	30
BP-PA	935	966	71	28	0.05	3	T69	T33	19
BP-PA	762	838	313	87	0.2	2	T63	T46	7
BP-PA	1385	515	12	88	0.05	2	T176	T152	48
BP-PA	1083	818	74	25	0.05	3	T138	T99	25
BP-PA	989	611	59	341	0.2	1	T57	T44	14
BP-PA	676	824	388	112	0.25	1	T167	T106	4
BP-PA	1361	239	37	363	0.2	1	T24	T150	34
BP-PA	1000	901	23	76	0.05	3	T88	T180	19
BP-PA	1196	404	298	102	0.2	1	T125	T168	16
BP-PA	1715	85	5	195	0.1	1	T140	T110	20
BP-PA	1648	52	2	298	0.15	1	T83	T138	39
BP-PA	1058	642	51	249	0.15	1	T57	T44	14
BP-PA	1013	387	86	514	0.3	1	T1	T117	30
BP-PA	1759	142	3	96	0.05	3	T58	T103	21
BP-PA	977	624	326	73	0.2	3	T125	T64	1
BP-PA	968	732	204	96	0.15	1	T50	T148	10
BP-PA	899	901	151	49	0.1	1	T110	T26	2
BP-PA	1189	711	71	29	0.05	1	T194	T41	19
BP-PA	1075	325	488	112	0.3	3	T31	T191	25
BP-PA	900	700	113	287	0.2	2	T197	T36	24
BP-PA	1111	689	57	143	0.1	1	T69	T86	27
BP-PA	1158	242	61	539	0.3	3	T43	T112	41
BP-PA	1250	450	42	258	0.15	1	T140	T194	48
BP-PA	924	676	80	320	0.2	1	T118	T135	12
BP-PA	952	948	76	24	0.05	2	T110	T26	2
BP-PA	1316	384	38	262	0.15	1	T73	T127	40
BP-PA	1290	611	11	88	0.05	3	T109	T71	42
BP-PA	1510	290	12	188	0.1	2	T106	T158	8
BP-PA	1490	410	4	96	0.05	2	T184	T30	49
BP-PA	1281	419	32	268	0.15	3	T120	T43	50
BP-PA	1224	676	63	37	0.05	2	T144	T195	28
BP-PA	1093	807	70	30	0.05	2	T14	T40	34
BP-PA	767	633	441	159	0.3	1	T144	T28	44
BP-PA	903	897	146	54	0.1	2	T142	T10	17
BP-PA	755	645	426	174	0.3	3	T12	T36	3
BP-PA	1178	222	43	557	0.3	2	T24	T150	34
BP-PA	841	859	225	75	0.15	3	T69	T33	19
BP-PA	1205	396	26	373	0.2	3	T145	T172	44
BP-PA	819	683	360	138	0.25	3	T132	T99	2
BP-PA	966	634	282	118	0.2	1	T41	T66	22
BP-PA	1852	48	2	98	0.05	1	T85	T79	31
BP-PA	1404	398	29	169	0.1	3	T86	T61	13
BP-PA	1639	61	6	294	0.15	1	T62	T40	20
BP-PA	992	608	67	333	0.2	2	T175	T81	18
BP-PA	1018	482	371	129	0.25	2	T16	T49	9
BP-PA	1645	256	9	90	0.05	3	T166	T177	30
BP-PA	1295	507	25	173	0.1	3	T78	T150	47
BP-PA	1260	440	220	80	0.15	4	T125	T168	16
BP-PA	1115	387	69	429	0.25	3	T3	T68	4
BP-PA	919	583	354	144	0.25	3	T22	T11	29
BP-PA	914	586	361	139	0.25	2	T140	T102	6
BP-PA	1724	76	4	196	0.1	4	T70	T7	17
BP-PA	566	834	466	134	0.3	1	T69	T86	27
BP-PA	990	910	24	76	0.05	2	T171	T4	2
BP-PA	1080	320	61	539	0.3	1	T86	T61	13
BP-PA	1026	774	148	52	0.1	1	T14	T148	10
BP-PA	1669	31	1	299	0.15	4	T87	T18	29
BP-PA	1446	54	5	495	0.25	2	T99	T180	26
BP-PA	1100	400	71	429	0.25	2	T8	T13	35
BP-PA	1127	473	45	355	0.2	2	T38	T181	50
BP-PA	1885	16	1	98	0.05	3	T15	T102	14
BP-PA	1348	552	85	15	0.05	1	T170	T90	12
BP-PA	1266	634	81	19	0.05	1	T112	T147	23
BP-PA	1123	677	137	63	0.1	2	T72	T119	16
BP-PA	1317	283	30	370	0.2	2	T4	T5	22
BP-PA	947	453	100	500	0.3	3	T92	T64	49
BP-PA	1088	312	59	541	0.3	2	T84	T14	45
BP-PA	1007	593	74	326	0.2	1	T14	T180	4
BP-PA	1004	896	75	25	0.05	1	T15	T112	17
BP-PA	935	665	289	111	0.2	2	T88	T120	12
BP-PA	1163	337	49	451	0.25	1	T138	T132	9
BP-PA	982	418	79	521	0.3	2	T177	T124	35
BP-PA	1177	223	45	555	0.3	2	T52	T29	6
BP-PA	1423	277	24	276	0.15	4	T117	T95	31
BP-PA	1184	716	13	87	0.05	1	T20	T82	6
BP-PA	953	747	215	85	0.15	1	T27	T24	14
BP-PA	1042	658	216	84	0.15	4	T89	T124	21
BP-PA	864	836	233	67	0.15	3	T55	T68	17
BP-PA	1070	630	62	238	0.15	2	T198	T101	10
BP-PA	1283	217	40	460	0.25	1	T24	T115	23
BP-PA	1331	69	15	585	0.3	2	T12	T60	34
BP-PA	1539	61	8	392	0.2	2	T62	T40	20
BP-PA	998	502	415	85	0.25	2	T112	T147	23
BP-PA	975	725	219	81	0.15	1	T18	T5	33
BP-PA	1137	663	47	153	0.1	2	T87	T186	16
BP-PA	1523	377	10	90	0.05	2	T117	T71	5
BP-PA	794	806	300	100	0.2	2	T129	T108	48
BP-PA	891	709	274	126	0.2	2	T27	T24	14
BP-PA	755	645	455	145	0.3	5	T170	T91	13
BP-PA	937	463	79	521	0.3	1	T177	T109	13
BP-PA	1323	377	42	258	0.15	3	T80	T81	4
BP-PA	1001	699	50	250	0.15	2	T137	T116	39
BP-PA	1284	616	70	30	0.05	2	T9	T123	27
BP-PA	997	803	138	62	0.1	1	T23	T171	10
BP-PA	900	500	106	494	0.3	3	T113	T15	49
BP-PA	850	550	425	175	0.3	1	T6	T112	2
BP-PA	656	744	514	86	0.3	1	T172	T69	45
BP-PA	1621	279	5	95	0.05	2	T198	T61	3
BP-PA	1128	572	201	99	0.15	2	T110	T158	12
BP-PA	991	609	286	114	0.2	2	T72	T119	16
BP-PA	887	513	410	190	0.3	1	T116	T22	3
BP-PA	1062	438	51	449	0.25	2	T151	T134	24
BP-PA	931	769	205	95	0.15	1	T79	T172	45
BP-PA	1498	102	12	388	0.2	2	T136	T105	40
BP-PA	697	703	450	150	0.3	1	T100	T97	31
BP-PA	1311	589	22	78	0.05	1	T159	T40	8
BP-PA	961	839	147	53	0.1	1	T192	T23	48
BP-PA	1520	180	17	283	0.15	2	T171	T77	31
BP-PA	1238	362	43	357	0.2	2	T20	T32	5
BP-PA	1141	659	141	59	0.1	2	T68	T97	15
BP-PA	986	914	84	16	0.05	1	T115	T44	46
BP-PA	1179	221	58	542	0.3	3	T138	T147	38
BP-PA	1015	885	20	80	0.05	2	T175	T76	36
BP-PA	921	879	136	64	0.1	2	T115	T44	46
BP-PA	642	858	369	131	0.25	1	T169	T200	24
BP-PA	855	745	276	124	0.2	2	T79	T172	45
BP-PA	840	660	351	149	0.25	1	T126	T100	21
BP-PA	954	646	266	134	0.2	2	T140	T102	6
BP-PA	1826	74	1	99	0.05	1	T62	T40	20
BP-PA	858	942	158	42	0.1	1	T175	T76	36
BP-PA	1189	211	46	554	0.3	1	T171	T33	26
BP-PA	1181	219	34	566	0.3	2	T9	T124	40
BP-PA	637	763	475	125	0.3	2	T53	T175	44
BP-PA	1035	565	271	129	0.2	2	T2	T142	34
BP-PA	1141	361	55	443	0.25	3	T120	T43	50
BP-PA	1695	105	9	191	0.1	2	T150	T171	2
BP-PA	1362	538	7	93	0.05	2	T71	T144	20
BP-PA	1368	434	21	177	0.1	3	T17	T198	23
BP-PA	841	559	419	181	0.3	1	T97	T32	13
BP-PA	1173	527	204	96	0.15	1	T25	T44	37
BP-PA	952	848	59	141	0.1	1	T70	T194	21
BP-PA	1480	421	9	90	0.05	3	T80	T81	4
BP-PA	1322	578	11	89	0.05	4	T54	T121	30
BP-PA	948	552	332	168	0.25	1	T116	T22	3
BP-PA	1290	610	13	87	0.05	2	T109	T111	10
BP-PA	921	479	409	191	0.3	4	T10	T30	10
BP-PA	1121	679	145	55	0.1	2	T82	T155	42
BP-PA	1733	67	6	194	0.1	2	T65	T142	20
BP-PA	977	523	42	458	0.25	1	T32	T188	26
BP-PA	1293	207	32	468	0.25	2	T166	T177	30
BP-PA	1427	173	22	378	0.2	2	T9	T199	45
BP-PA	925	475	352	248	0.3	2	T139	T123	27
BP-PA	840	761	301	98	0.2	3	T142	T118	9
BP-PA	1469	31	3	497	0.25	2	T118	T48	32
BP-PA	657	845	387	111	0.25	3	T157	T198	11
BP-PA	1704	196	6	94	0.05	1	T171	T77	31
BP-PA	1205	495	40	260	0.15	1	T24	T36	47
BP-PA	1156	244	56	544	0.3	3	T1	T140	37
BP-PA	1143	257	46	554	0.3	1	T187	T11	14
BP-PA	1661	139	2	198	0.1	2	T58	T103	21
BP-PA	983	417	93	507	0.3	3	T54	T121	30
BP-PA	892	508	379	221	0.3	1	T81	T56	48
BP-PA	1172	228	50	550	0.3	1	T161	T158	8
BP-PA	902	699	286	113	0.2	3	T14	T148	10
BP-PA	949	853	150	48	0.1	3	T18	T11	48
BP-PA	583	817	454	146	0.3	4	T20	T61	42
BP-PA	1335	65	12	588	0.3	2	T14	T127	12
BP-PA	1077	623	227	73	0.15	1	T82	T190	6
BP-PA	596	804	507	93	0.3	2	T136	T196	28
BP-PA	1459	343	167	31	0.1	3	T130	T52	43
BP-PA	727	873	292	108	0.2	2	T109	T76	36
BP-PA	1592	309	10	89	0.05	3	T117	T95	31
BP-PA	1784	16	1	199	0.1	5	T149	T49	21
BP-PA	1245	355	49	351	0.2	2	T108	T137	11
BP-PA	1464	36	5	495	0.25	4	T43	T21	25
BP-PA	571	829	483	117	0.3	2	T25	T56	7
BP-PA	617	783	445	155	0.3	1	T105	T80	27
BP-PA	1433	167	36	364	0.2	2	T175	T194	41
BP-PA	1139	461	49	351	0.2	2	T24	T36	47
BP-PA	1614	188	6	192	0.1	3	T171	T77	31
BP-PA	1615	187	16	182	0.1	3	T16	T115	32
BP-PA	1443	59	11	487	0.25	3	T70	T7	17
BP-PA	1820	81	1	98	0.05	3	T70	T7	17
BP-PA	1566	34	2	398	0.2	1	T195	T176	34
BP-PA	949	451	80	520	0.3	1	T50	T1	14
BP-PA	1071	629	51	249	0.15	2	T14	T180	4
BP-PA	1059	741	154	46	0.1	1	T132	T61	32
BP-PA	1615	185	8	192	0.1	1	T25	T128	30
BP-PA	1020	580	241	159	0.2	2	T81	T56	48
BP-PA	878	622	348	152	0.25	1	T126	T75	41
BP-PA	1399	301	30	270	0.15	2	T53	T162	11
BP-PA	1434	266	29	271	0.15	3	T135	T177	4
BP-PA	1284	516	27	173	0.1	2	T51	T110	40
BP-PA	1166	634	127	73	0.1	2	T81	T56	48
BP-PA	1340	160	27	473	0.25	2	T174	T115	28
BP-PA	1139	462	60	339	0.2	3	T159	T58	33
BP-PA	880	720	292	108	0.2	1	T36	T83	35
BP-PA	1145	555	28	272	0.15	1	T94	T180	29
BP-PA	1279	521	30	170	0.1	1	T24	T36	47
BP-PA	931	669	82	318	0.2	1	T176	T46	37
BP-PA	1374	526	11	89	0.05	2	T171	T24	37
BP-PA	1224	476	34	266	0.15	4	T74	T152	48
BP-PA	861	839	237	63	0.15	4	T142	T10	17
BP-PA	975	625	95	305	0.2	1	T25	T57	1
BP-PA	1253	147	28	572	0.3	3	T128	T77	35
BP-PA	1474	26	0	500	0.25	2	T30	T18	6
BP-PA	1580	120	22	278	0.15	2	T179	T106	9
BP-PA	1056	444	98	402	0.25	4	T90	T80	40
BP-PA	1486	115	12	387	0.2	3	T85	T8	46
BP-PA	1002	798	58	142	0.1	2	T86	T33	50
BP-PA	1624	276	8	92	0.05	2	T112	T100	36
BP-PA	1439	61	8	492	0.25	1	T101	T107	17
BP-PA	814	686	377	123	0.25	4	T125	T69	44
BP-PA	1023	877	81	19	0.05	1	T142	T118	9
BP-PA	1694	106	4	196	0.1	4	T30	T103	41
BP-PA	993	807	41	159	0.1	2	T193	T33	50
BP-PA	1090	510	47	353	0.2	2	T89	T145	50
BP-PA	1713	187	12	88	0.05	1	T35	T184	19
BP-PA	1234	667	72	27	0.05	3	T152	T81	13
BP-PA	1247	654	77	22	0.05	3	T129	T57	11
BP-PA	1460	240	27	273	0.15	4	T24	T115	23
BP-PA	1495	305	22	178	0.1	4	T167	T124	33
BP-PA	1187	513	42	258	0.15	1	T170	T98	49
BP-PA	944	756	69	231	0.15	3	T132	T170	11
BP-PA	1283	117	11	589	0.3	2	T114	T60	18
BP-PA	538	862	489	111	0.3	1	T151	T102	1
BP-PA	1613	187	17	183	0.1	2	T117	T137	40
BP-PA	1022	678	204	96	0.15	1	T98	T160	45
BP-PA	1233	367	40	360	0.2	1	T80	T81	4
BP-PA	939	561	335	165	0.25	1	T150	T36	4
BP-PA	984	416	100	500	0.3	5	T170	T98	49
BP-PA	962	438	440	160	0.3	1	T25	T44	37
BP-PA	653	847	390	110	0.25	1	T132	T170	11
BP-PA	1129	471	73	327	0.2	2	T54	T121	30
BP-PA	1600	0	400	0	0.2	2	T84	T104	46
BP-PA	1694	206	8	92	0.05	4	T16	T115	32
BP-PA	1064	336	74	526	0.3	3	T192	T52	31
BP-PA	646	754	462	138	0.3	2	T135	T161	1
BP-PA	853	747	292	108	0.2	2	T55	T172	45
BP-PA	1310	591	76	23	0.05	3	T25	T44	37
BP-PA	1325	175	35	465	0.25	2	T85	T88	43
BP-PA	1495	405	80	20	0.05	1	T124	T144	29
BP-PA	718	682	452	148	0.3	3	T172	T49	22
BP-PA	1203	597	137	63	0.1	1	T126	T117	39
BP-PA	925	875	166	34	0.1	2	T134	T88	24
BP-PA	1643	157	11	189	0.1	1	T181	T21	47
BP-PA	1036	564	87	313	0.2	5	T7	T15	49
BP-PA	1073	627	210	90	0.15	2	T16	T97	15
BP-PA	624	878	378	120	0.25	3	T72	T198	18
BP-PA	1021	779	33	167	0.1	5	T153	T30	29
BP-PA	1115	285	511	89	0.3	2	T145	T163	24
BP-PA	692	909	350	49	0.2	3	T33	T196	5
BP-PA	1788	12	0	200	0.1	1	T194	T198	20
BP-PA	1501	299	16	184	0.1	2	T111	T132	7
BP-PA	619	781	456	144	0.3	2	T96	T40	35
BP-PA	1207	193	40	560	0.3	1	T127	T105	37
BP-PA	1036	464	81	419	0.25	4	T19	T145	50
BP-PA	1013	887	73	27	0.05	2	T18	T11	48
BP-PA	1163	237	10	590	0.3	1	T29	T13	18
BP-PA	1027	573	277	123	0.2	4	T116	T22	3
BP-PA	1004	696	68	232	0.15	2	T20	T61	42
BP-PA	1350	350	33	267	0.15	3	T188	T47	18
BP-PA	1218	482	36	264	0.15	3	T151	T134	24
BP-PA	1034	466	78	422	0.25	2	T177	T109	13
BP-PA	569	831	489	111	0.3	2	T65	T145	7
BP-PA	1623	177	12	188	0.1	2	T35	T184	19
BP-PA	1359	241	28	372	0.2	1	T171	T33	26
BP-PA	1295	207	37	461	0.25	3	T198	T61	3
BP-PA	889	511	403	197	0.3	1	T185	T142	34
BP-PA	1696	204	11	89	0.05	1	T9	T199	45
BP-PA	1669	31	3	297	0.15	1	T195	T176	34
BP-PA	1446	154	24	376	0.2	1	T35	T184	19
BP-PA	1181	621	20	178	0.1	3	T58	T16	44
BP-PA	1008	892	80	20	0.05	2	T141	T66	42
BP-PA	1180	420	57	343	0.2	2	T176	T152	48
BP-PA	968	534	99	399	0.25	3	T51	T80	35
BP-PA	1255	645	77	23	0.05	2	T103	T190	12
BP-PA	1607	93	11	289	0.15	1	T30	T103	41
BP-PA	1354	46	4	596	0.3	3	T44	T69	39
BP-PA	1264	637	68	31	0.05	3	T182	T200	33
BP-PA	969	431	364	236	0.3	3	T193	T143	30
BP-PA	1323	577	18	82	0.05	2	T170	T98	49
BP-PA	1471	29	5	495	0.25	1	T87	T18	29
BP-PA	646	754	442	158	0.3	4	T70	T194	21
BP-PA	945	755	66	234	0.15	2	T193	T33	50
BP-PA	1119	581	192	108	0.15	1	T56	T141	20
BP-PA	1102	799	22	77	0.05	3	T197	T176	4
BP-PA	1366	134	18	482	0.25	1	T56	T112	49
BP-PA	614	786	426	174	0.3	4	T86	T33	50
BP-PA	1084	718	44	154	0.1	3	T190	T7	30
BP-PA	763	837	316	84	0.2	1	T175	T76	36
BP-PA	611	889	458	42	0.25	2	T59	T136	28
BP-PA	1326	374	38	262	0.15	1	T108	T137	11
BP-PA	1863	37	0	100	0.05	2	T39	T163	36
BP-PA	834	666	351	149	0.25	1	T184	T14	42
BP-PA	1511	89	11	389	0.2	5	T30	T103	41
BP-PA	1685	115	7	193	0.1	4	T136	T105	40
BP-PA	1647	53	5	295	0.15	2	T44	T69	39
BP-PA	1182	718	21	79	0.05	2	T198	T101	10
BP-PA	631	769	467	133	0.3	2	T167	T106	4
BP-PA	1358	242	35	365	0.2	2	T192	T68	26
BP-PA	1213	687	15	85	0.05	2	T77	T63	22
BP-PA	823	777	285	115	0.2	1	T115	T44	46
BP-PA	1061	839	36	64	0.05	1	T86	T33	50
BP-PA	1269	332	51	348	0.2	3	T184	T30	49
BP-PA	978	522	500	0	0.25	1	T193	T113	14
BP-PA	1439	161	23	377	0.2	4	T25	T128	30
BP-PA	1900	0	100	0	0.05	2	T125	T141	18
BP-PA	1159	641	131	69	0.1	2	T76	T108	32
BP-PA	1609	91	9	291	0.15	1	T38	T134	34
BP-PA	1307	193	39	461	0.25	1	T108	T86	6
BP-PA	1048	352	467	133	0.3	4	T103	T130	27
BP-PA	1149	351	73	427	0.25	1	T192	T52	31
BP-PA	1167	533	55	245	0.15	2	T109	T71	42
BP-PA	1221	679	69	31	0.05	1	T116	T22	3
BP-PA	1291	409	35	265	0.15	2	T118	T90	50
BP-PA	1190	210	34	566	0.3	2	T198	T61	3
BP-PA	1193	609	128	70	0.1	3	T110	T158	12
BP-PA	919	581	357	143	0.25	1	T113	T29	36
BP-PA	851	849	223	77	0.15	2	T110	T26	2
BP-PA	1049	451	420	80	0.25	2	T180	T192	2
BP-PA	663	937	341	59	0.2	1	T116	T9	13
BP-PA	1617	83	5	295	0.15	2	T198	T102	40
BP-PA	1039	861	32	68	0.05	1	T53	T158	43
BP-PA	1448	252	14	286	0.15	2	T91	T196	20
BP-PA	692	909	312	87	0.2	3	T72	T198	18
BP-PA	882	518	416	184	0.3	2	T68	T97	15
BP-PA	1248	254	42	456	0.25	3	T157	T124	33
BP-PA	1369	31	5	595	0.3	3	T118	T48	32
BP-PA	972	728	238	62	0.15	1	T114	T186	50
BP-PA	1233	367	48	352	0.2	2	T182	T192	48
BP-PA	629	871	445	55	0.25	4	T101	T55	1
BP-PA	1122	779	73	26	0.05	3	T133	T115	24
BP-PA	622	778	481	119	0.3	1	T72	T198	18
BP-PA	1326	74	21	579	0.3	3	T38	T134	34
BP-PA	1260	340	49	351	0.2	1	T167	T19	2
BP-PA	790	810	296	104	0.2	1	T110	T26	2
BP-PA	1122	278	67	533	0.3	3	T37	T24	2
BP-PA	1029	471	341	159	0.25	1	T38	T46	33
BP-PA	1000	700	204	96	0.15	2	T13	T87	5
BP-PA	677	825	416	82	0.25	3	T94	T180	11
BP-PA	1261	639	67	33	0.05	2	T46	T167	27
BP-PA	1078	822	29	71	0.05	1	T181	T154	49
BP-PA	1155	746	68	31	0.05	3	T2	T92	9
BP-PA	1161	439	39	361	0.2	4	T74	T152	48
BP-PA	1204	696	67	33	0.05	2	T7	T48	3
BP-PA	1100	300	59	541	0.3	2	T170	T97	50
BP-PA	703	897	365	35	0.2	1	T101	T55	1
BP-PA	803	597	452	148	0.3	2	T20	T115	33
BP-PA	1099	703	169	29	0.1	3	T130	T4	9
BP-PA	1755	145	7	93	0.05	1	T179	T106	9
BP-PA	933	967	80	20	0.05	2	T129	T108	48
BP-PA	921	479	94	506	0.3	1	T23	T195	39
BP-PA	1773	27	0	200	0.1	1	T30	T18	6
BP-PA	973	827	139	61	0.1	1	T17	T197	5
BP-PA	1090	410	79	421	0.25	1	T57	T196	42
BP-PA	1035	465	333	167	0.25	2	T126	T3	19
BP-PA	980	520	355	145	0.25	1	T152	T81	13
BP-PA	1230	671	86	13	0.05	3	T29	T32	46
BP-PA	1200	500	45	255	0.15	2	T177	T124	35
BP-PA	1900	0	0	100	0.05	1	T145	T197	7
BP-PA	761	639	448	152	0.3	2	T132	T99	2
BP-PA	1800	0	0	200	0.1	2	T145	T197	7
BP-PA	939	761	85	215	0.15	2	T197	T36	24
BP-PA	1663	238	4	95	0.05	3	T192	T97	23
BP-PA	1069	331	72	528	0.3	1	T4	T127	47
BP-PA	1686	14	2	298	0.15	1	T88	T49	21
BP-PA	962	738	44	256	0.15	1	T136	T196	28
BP-PA	798	902	216	84	0.15	2	T70	T194	21
BP-PA	725	875	323	77	0.2	2	T154	T145	14
BP-PA	970	630	79	321	0.2	2	T190	T7	30
BP-PA	1185	315	416	84	0.25	1	T124	T144	29
BP-PA	1179	521	46	254	0.15	2	T50	T1	14
BP-PA	1545	257	19	179	0.1	3	T91	T196	20
BP-PA	1291	211	40	458	0.25	3	T23	T61	3
BP-PA	1385	417	32	166	0.1	3	T145	T172	44
BP-PA	803	699	377	121	0.25	3	T6	T94	32
BP-PA	1259	541	35	165	0.1	2	T54	T121	30
BP-PA	1118	482	289	111	0.2	2	T15	T6	22
BP-PA	1016	784	39	161	0.1	1	T184	T189	26
BP-PA	912	688	88	312	0.2	2	T73	T198	18
BP-PA	1471	429	12	88	0.05	2	T86	T61	13
BP-PA	1380	220	32	368	0.2	2	T24	T115	23
BP-PA	1514	86	14	386	0.2	1	T38	T134	34
BP-PA	1608	292	6	94	0.05	1	T76	T133	38
BP-PA	1282	118	27	573	0.3	4	T128	T160	5
BP-PA	1651	249	10	90	0.05	2	T173	T53	18
BP-PA	1485	215	19	281	0.15	4	T85	T88	43
BP-PA	821	679	356	144	0.25	2	T36	T83	35
BP-PA	808	592	433	167	0.3	3	T97	T73	23
BP-PA	1188	712	70	30	0.05	1	T137	T102	43
BP-PA	1061	739	51	149	0.1	2	T118	T135	12
BP-PA	1117	483	252	148	0.2	1	T193	T143	30
BP-PA	971	529	81	419	0.25	1	T132	T33	5
BP-PA	908	592	426	74	0.25	1	T130	T4	9
BP-PA	1538	362	12	88	0.05	2	T19	T7	25
BP-PA	697	803	393	107	0.25	2	T86	T33	50
BP-PA	1776	124	6	94	0.05	1	T82	T57	33
BP-PA	1393	107	15	485	0.25	2	T85	T8	46
BP-PA	905	795	212	88	0.15	1	T18	T11	48
BP-PA	1105	695	42	158	0.1	1	T60	T59	31
BP-PA	1780	20	2	198	0.1	1	T72	T39	25
BP-PA	1502	0	0	498	0.25	3	T145	T197	7
BP-PA	1375	25	3	597	0.3	2	T17	T127	17
BP-PA	866	534	408	192	0.3	2	T178	T149	19
BP-PA	1383	17	4	596	0.3	1	T72	T39	25
BP-PA	1452	48	11	489	0.25	1	T51	T91	47
BP-PA	917	683	300	100	0.2	2	T83	T45	29
BP-PA	1084	716	139	61	0.1	1	T140	T102	6
BP-PA	926	574	96	404	0.25	1	T57	T44	14
BP-PA	1603	97	3	297	0.15	3	T64	T39	15
BP-PA	1465	435	14	86	0.05	2	T73	T127	40
BP-PA	921	680	289	110	0.2	3	T18	T5	33
BP-PA	1102	398	63	437	0.25	1	T151	T183	29
BP-PA	1365	235	28	372	0.2	2	T112	T100	36
BP-PA	1035	565	267	133	0.2	2	T48	T185	32
BP-PA	609	791	467	133	0.3	2	T184	T189	26
BP-PA	607	893	418	82	0.25	1	T41	T97	24
BP-PA	1030	772	40	158	0.1	3	T54	T88	28
BP-PA	575	825	476	124	0.3	1	T190	T7	30
BP-PA	727	773	389	111	0.25	4	T171	T4	2
BP-PA	907	693	284	116	0.2	2	T138	T99	25
BP-PA	841	559	415	185	0.3	3	T140	T102	6
BP-PA	1331	369	31	269	0.15	1	T20	T32	5
BP-PA	749	851	300	100	0.2	5	T70	T194	21
BP-PA	1389	211	20	380	0.2	1	T93	T77	36
BP-PA	1020	680	212	88	0.15	1	T145	T32	13
BP-PA	968	834	141	57	0.1	3	T79	T172	45
BP-PA	921	579	342	158	0.25	2	T98	T160	45
BP-PA	1126	676	48	150	0.1	3	T151	T102	1
BP-PA	613	887	399	101	0.25	2	T25	T56	7
BP-PA	796	604	421	179	0.3	2	T14	T148	10
BP-PA	1322	78	19	581	0.3	2	T199	T109	26
BP-PA	970	532	354	144	0.25	3	T131	T67	38
BP-PA	744	656	443	157	0.3	3	T197	T161	39
BP-PA	1566	334	9	91	0.05	1	T107	T198	19
BP-PA	1532	68	10	390	0.2	1	T70	T7	17
BP-PA	1106	594	56	244	0.15	2	T198	T127	38
BP-PA	1306	294	33	367	0.2	4	T136	T110	31
BP-PA	1500	0	500	0	0.25	1	T166	T34	28
BP-PA	1477	423	16	84	0.05	2	T138	T132	9
BP-PA	1609	91	5	295	0.15	4	T127	T134	40
BP-PA	759	641	441	159	0.3	2	T36	T83	35
BP-PA	964	636	290	110	0.2	1	T169	T25	5
BP-PA	923	677	293	107	0.2	1	T195	T75	23
BP-PA	1130	670	139	61	0.1	2	T30	T47	37
BP-PA	1080	620	202	98	0.15	3	T144	T195	28
BP-PA	1203	597	138	62	0.1	4	T12	T59	23
BP-PA	1644	156	3	197	0.1	2	T56	T112	49
BP-PA	912	590	363	135	0.25	3	T47	T32	26
BP-PA	1125	675	139	61	0.1	1	T74	T52	18
BP-PA	966	734	35	265	0.15	2	T153	T30	29
BP-PA	1515	85	16	384	0.2	1	T2	T60	39
BP-PA	622	778	465	135	0.3	2	T13	T161	23
BP-PA	894	506	434	166	0.3	1	T182	T29	15
BP-PA	1316	484	19	181	0.1	1	T143	T121	35
BP-PA	1523	77	5	395	0.2	1	T140	T110	20
BP-PA	1013	687	237	63	0.15	3	T133	T115	24
BP-PA	1040	360	89	511	0.3	1	T3	T68	4
BP-PA	541	859	510	90	0.3	1	T198	T101	10
BP-PA	1368	233	30	369	0.2	3	T76	T133	38
BP-PA	930	670	81	319	0.2	4	T25	T56	7
BP-PA	1053	347	64	536	0.3	2	T120	T43	50
BP-PA	982	518	375	125	0.25	2	T192	T160	44
BP-PA	910	590	365	135	0.25	1	T23	T66	22
BP-PA	1700	100	4	196	0.1	2	T159	T119	22
BP-PA	1005	695	200	100	0.15	1	T97	T32	13
BP-PA	974	526	319	181	0.25	1	T85	T31	25
BP-PA	1798	102	3	97	0.05	2	T38	T134	34
BP-PA	1482	318	21	179	0.1	1	T187	T11	14
BP-PA	875	525	418	182	0.3	2	T150	T36	4
BP-PA	1009	591	262	138	0.2	1	T101	T126	4
BP-PA	1132	468	295	105	0.2	1	T77	T87	27
BP-PA	921	479	455	145	0.3	1	T129	T57	11
BP-PA	1586	314	4	96	0.05	1	T138	T147	38
BP-PA	1406	194	34	366	0.2	2	T139	T88	43
BP-PA	1048	652	212	88	0.15	3	T194	T41	19
BP-PA	841	759	292	108	0.2	4	T2	T58	17
BP-PA	1516	84	7	393	0.2	1	T198	T102	40
BP-PA	1054	546	299	101	0.2	5	T129	T57	11
BP-PA	802	598	481	119	0.3	2	T114	T186	50
BP-PA	1187	713	19	81	0.05	1	T16	T190	42
BP-PA	803	897	238	62	0.15	3	T175	T76	36
BP-PA	1040	861	19	80	0.05	3	T167	T106	4
BP-PA	794	806	292	108	0.2	1	T142	T10	17
BP-PA	1789	111	2	98	0.05	1	T199	T109	26
BP-PA	1680	220	9	91	0.05	1	T175	T194	41
BP-PA	1311	489	26	174	0.1	2	T140	T194	48
BP-PA	887	513	118	482	0.3	1	T51	T80	35
BP-PA	1760	141	4	95	0.05	3	T114	T60	18
BP-PA	1226	674	71	29	0.05	2	T37	T28	11
BP-PA	1785	15	0	200	0.1	1	T88	T49	21
BP-PA	1387	113	3	497	0.25	1	T58	T103	21
BP-PA	1288	214	38	460	0.25	3	T7	T19	26
BP-PA	1177	323	44	456	0.25	2	T188	T47	18
BP-PA	1501	299	15	185	0.1	1	T138	T147	38
BP-PA	1191	609	130	70	0.1	1	T2	T176	20
BP-PA	1606	94	1	299	0.15	1	T158	T11	36
BP-PA	1083	617	211	89	0.15	2	T82	T155	42
BP-PA	1617	185	15	183	0.1	3	T174	T115	28
BP-PA	1093	808	23	76	0.05	3	T184	T189	26
BP-PA	1041	459	84	416	0.25	1	T50	T1	14
BP-PA	1721	79	3	197	0.1	1	T101	T107	17
BP-PA	975	425	461	139	0.3	1	T16	T49	9
BP-PA	1138	462	48	352	0.2	1	T78	T150	47
BP-PA	1013	687	65	235	0.15	3	T25	T56	7
BP-PA	778	722	371	129	0.25	1	T197	T161	39
BP-PA	1015	487	302	196	0.25	3	T139	T123	27
BP-PA	947	453	91	509	0.3	1	T57	T86	32
BP-PA	1129	772	66	33	0.05	3	T57	T177	43
BP-PA	952	850	139	59	0.1	3	T20	T59	28
BP-PA	870	830	225	75	0.15	2	T172	T49	22
BP-PA	967	833	133	67	0.1	1	T12	T36	3
BP-PA	1028	872	79	21	0.05	1	T192	T23	48
BP-PA	1511	289	17	183	0.1	1	T161	T158	8
BP-PA	996	904	71	29	0.05	1	T20	T59	28
BP-PA	1314	486	37	163	0.1	1	T38	T181	50
BP-PA	1530	170	20	280	0.15	2	T128	T77	35
BP-PA	972	728	28	272	0.15	2	T29	T187	29
BP-PA	1277	223	36	464	0.25	1	T119	T198	9
BP-PA	1263	237	45	455	0.25	2	T117	T95	31
BP-PA	1201	499	42	258	0.15	2	T20	T124	35
BP-PA	1440	161	26	373	0.2	3	T171	T77	31
BP-PA	1704	96	10	190	0.1	2	T64	T39	15
BP-PA	912	688	287	113	0.2	2	T139	T115	38
BP-PA	1401	299	24	276	0.15	2	T77	T112	41
BP-PA	1341	259	36	364	0.2	2	T165	T132	7
BP-PA	1297	203	37	463	0.25	1	T127	T105	37
BP-PA	1348	252	36	364	0.2	2	T117	T95	31
BP-PA	1886	14	0	100	0.05	2	T194	T198	20
BP-PA	858	942	150	50	0.1	2	T193	T127	10
BP-PA	1384	418	19	179	0.1	3	T4	T127	47
BP-PA	634	766	486	114	0.3	2	T146	T99	23
BP-PA	1452	248	14	286	0.15	3	T7	T19	26
BP-PA	1422	478	7	93	0.05	4	T173	T48	9
BP-PA	1152	248	69	531	0.3	1	T114	T140	37
BP-PA	773	627	572	28	0.3	4	T13	T7	47
BP-PA	980	720	48	252	0.15	3	T197	T176	4
BP-PA	1019	781	38	162	0.1	2	T72	T198	18
BP-PA	1220	580	24	176	0.1	4	T109	T111	10
BP-PA	1158	342	54	446	0.25	2	T86	T61	13
BP-PA	1387	513	11	89	0.05	4	T140	T194	48
BP-PA	679	922	366	33	0.2	3	T29	T187	29
BP-PA	1612	88	10	290	0.15	1	T2	T60	39
BP-PA	1461	239	18	282	0.15	1	T166	T177	30
BP-PA	1393	307	30	270	0.15	2	T136	T110	31
BP-PA	1426	174	5	395	0.2	1	T108	T4	8
BP-PA	1184	618	146	52	0.1	3	T129	T57	11
BP-PA	1072	628	40	260	0.15	1	T106	T156	39
BP-PA	1056	844	63	37	0.05	1	T27	T24	14
BP-PA	1088	712	136	64	0.1	2	T47	T72	31
BP-PA	677	923	346	54	0.2	2	T197	T176	4
BP-PA	1295	605	13	87	0.05	2	T57	T86	32
BP-PA	1645	155	7	193	0.1	1	T128	T160	5
BP-PA	1687	13	1	299	0.15	2	T194	T198	20
BP-PA	1249	351	57	343	0.2	1	T73	T127	40
BP-PA	1267	634	13	86	0.05	3	T130	T177	42
BP-PA	1511	90	10	389	0.2	3	T34	T40	42
BP-PA	921	479	97	503	0.3	2	T7	T68	41
BP-PA	997	603	82	318	0.2	1	T151	T102	1
BP-PA	982	418	382	218	0.3	1	T70	T115	5
BP-PA	1155	245	54	546	0.3	2	T77	T112	41
BP-PA	1028	372	42	558	0.3	1	T96	T105	47
BP-PA	1215	386	26	373	0.2	3	T86	T61	13
BP-PA	836	764	284	116	0.2	2	T76	T57	35
BP-PA	1092	808	20	80	0.05	2	T73	T198	18
BP-PA	1037	663	206	94	0.15	2	T172	T111	6
BP-PA	646	754	446	154	0.3	1	T41	T190	23
BP-PA	1179	221	56	544	0.3	2	T159	T8	49
BP-PA	1076	624	53	247	0.15	3	T87	T186	16
BP-PA	944	856	142	58	0.1	1	T76	T57	35
BP-PA	1079	521	261	139	0.2	2	T126	T117	39
BP-PA	1300	100	23	577	0.3	1	T67	T68	29
BP-PA	1065	737	37	161	0.1	3	T41	T97	24
BP-PA	1861	39	0	100	0.05	2	T118	T48	32
BP-PA	1275	525	177	23	0.1	5	T180	T192	2
BP-PA	1091	609	210	90	0.15	2	T48	T185	32
BP-PA	748	652	444	156	0.3	1	T44	T178	12
BP-PA	1471	29	5	495	0.25	2	T195	T176	34
BP-PA	1035	865	72	28	0.05	2	T36	T83	35
BP-PA	1108	592	39	261	0.15	2	T58	T16	44
BP-PA	660	840	401	99	0.25	1	T146	T99	23
BP-PA	1390	310	38	262	0.15	1	T19	T7	25
BP-PA	1164	636	143	57	0.1	2	T37	T28	11
BP-PA	1751	150	2	97	0.05	3	T73	T179	46
BP-PA	1312	388	24	276	0.15	1	T138	T132	9
BP-PA	1008	892	16	84	0.05	2	T172	T69	45
BP-PA	1885	15	1	99	0.05	2	T88	T49	21
BP-PA	1482	318	19	181	0.1	1	T77	T112	41
BP-PA	974	626	296	104	0.2	2	T6	T112	2
BP-PA	849	851	222	78	0.15	4	T100	T97	31
BP-PA	1490	10	2	498	0.25	2	T88	T49	21
BP-PA	1766	34	0	200	0.1	2	T17	T127	17
BP-PA	1267	133	35	565	0.3	3	T185	T6	9
BP-PA	1084	716	138	62	0.1	2	T113	T29	36
BP-PA	974	826	136	64	0.1	2	T30	T83	35
BP-PA	1694	206	8	92	0.05	2	T117	T137	40
BP-PA	1304	198	37	461	0.25	3	T200	T123	30
BP-PA	1077	623	46	254	0.15	1	T102	T113	10
BP-PA	1600	0	400	0	0.2	2	T191	T91	3
BP-PA	1608	292	15	85	0.05	2	T135	T177	4
BP-PA	1833	67	3	97	0.05	2	T131	T102	21
BP-PA	703	897	358	42	0.2	2	T153	T30	29
BP-PA	1642	58	5	295	0.15	3	T131	T102	21
BP-PA	1349	251	36	364	0.2	1	T27	T15	47
BP-PA	882	618	345	155	0.25	1	T97	T32	13
BP-PA	1173	627	148	52	0.1	1	T192	T160	44
BP-PA	1634	66	9	291	0.15	2	T149	T105	31
BP-PA	1439	61	8	492	0.25	2	T62	T40	20
BP-PA	872	628	384	116	0.25	2	T132	T61	32
BP-PA	967	535	366	132	0.25	3	T118	T78	17
BP-PA	997	903	25	75	0.05	1	T63	T46	7
BP-PA	888	512	405	195	0.3	4	T129	T95	46
BP-PA	1101	499	258	142	0.2	2	T145	T94	8
BP-PA	1543	157	10	290	0.15	1	T181	T21	47
BP-PA	1294	206	33	467	0.25	2	T71	T144	11
BP-PA	1505	295	14	186	0.1	2	T27	T15	47
BP-PA	1056	544	67	333	0.2	2	T23	T195	39
BP-PA	1212	188	47	553	0.3	5	T121	T93	5
BP-PA	920	681	288	111	0.2	3	T50	T148	10
BP-PA	1167	633	138	62	0.1	5	T131	T67	38
BP-PA	1311	189	23	477	0.25	2	T139	T88	43
BP-PA	726	874	309	91	0.2	1	T86	T133	46
BP-PA	1360	140	27	473	0.25	2	T56	T28	28
BP-PA	997	903	69	31	0.05	2	T44	T178	12
BP-PA	1125	575	49	251	0.15	2	T7	T68	41
BP-PA	795	705	368	132	0.25	1	T18	T11	48
BP-PA	1237	663	67	33	0.05	1	T48	T148	12
BP-PA	709	791	367	133	0.25	4	T193	T127	10
BP-PA	1034	666	213	87	0.15	2	T169	T25	5
BP-PA	1763	37	0	200	0.1	1	T118	T48	32
BP-PA	1671	129	13	187	0.1	1	T114	T60	18
BP-PA	1254	246	48	452	0.25	1	T167	T124	33
BP-PA	779	721	361	139	0.25	2	T15	T112	17
BP-PA	921	879	149	51	0.1	1	T172	T49	22
BP-PA	763	737	402	98	0.25	1	T134	T88	24
BP-PA	1555	346	7	92	0.05	3	T136	T110	31
BP-PA	1178	322	52	448	0.25	2	T72	T138	44
BP-PA	1336	164	24	476	0.25	1	T33	T31	19
BP-PA	657	843	389	111	0.25	1	T13	T161	23
BP-PA	1558	42	5	395	0.2	1	T85	T79	31
BP-PA	1300	600	11	89	0.05	1	T19	T145	50
BP-PA	1170	431	52	347	0.2	3	T171	T24	37
BP-PA	1263	237	31	469	0.25	4	T24	T150	34
BP-PA	823	679	372	126	0.25	3	T144	T28	44
BP-PA	562	838	473	127	0.3	5	T133	T156	49
BP-PA	1022	378	88	512	0.3	1	T69	T199	8
BP-PA	990	510	64	436	0.25	2	T98	T46	13
BP-PA	1398	102	13	487	0.25	2	T136	T105	40
BP-PA	1203	299	426	72	0.25	3	T130	T52	43
BP-PA	1019	381	86	514	0.3	3	T84	T13	33
BP-PA	1476	224	15	285	0.15	1	T93	T77	36
BP-PA	1569	31	5	395	0.2	1	T70	T151	14
BP-PA	1643	258	5	94	0.05	3	T191	T198	16
BP-PA	1001	499	347	153	0.25	1	T2	T176	20
BP-PA	1104	496	57	343	0.2	1	T50	T1	14
BP-PA	1139	361	45	455	0.25	2	T17	T198	23
BP-PA	956	544	320	180	0.25	1	T85	T19	44
BP-PA	1370	130	22	478	0.25	2	T128	T160	5
BP-PA	1293	407	39	261	0.15	5	T192	T52	31
BP-PA	749	851	297	103	0.2	1	T144	T46	7
BP-PA	1262	138	28	572	0.3	1	T104	T184	19
BP-PA	1238	162	30	570	0.3	4	T9	T199	45
BP-PA	1163	637	138	62	0.1	1	T101	T126	4
BP-PA	1262	438	51	249	0.15	3	T151	T183	29
BP-PA	1044	458	346	152	0.25	3	T179	T163	46
BP-PA	1032	868	23	77	0.05	4	T106	T158	43
BP-PA	1121	480	75	324	0.2	3	T19	T145	50
BP-PA	1624	276	6	94	0.05	1	T127	T105	37
BP-PA	906	594	355	145	0.25	1	T6	T112	2
BP-PA	991	409	423	177	0.3	3	T77	T87	27
BP-PA	1176	624	137	63	0.1	2	T85	T31	25
BP-PA	1222	580	29	169	0.1	3	T109	T71	42
BP-PA	1325	575	7	93	0.05	2	T90	T29	12
BP-PA	1208	492	35	265	0.15	1	T78	T150	47
BP-PA	1014	886	86	14	0.05	1	T65	T181	22
BP-PA	1793	107	2	98	0.05	1	T2	T60	39
BP-PA	1161	639	43	157	0.1	2	T7	T15	49
BP-PA	1428	172	20	380	0.2	1	T174	T115	28
BP-PA	982	520	396	102	0.25	3	T103	T190	12
BP-PA	957	543	86	414	0.25	1	T113	T15	49
BP-PA	1663	137	7	193	0.1	1	T179	T106	9
BP-PA	1354	46	9	591	0.3	2	T99	T180	26
BP-PA	1062	638	258	42	0.15	1	T130	T4	9
BP-PA	1167	633	148	52	0.1	2	T2	T142	34
BP-PA	1150	550	214	86	0.15	4	T9	T123	27
BP-PA	1123	679	45	153	0.1	3	T57	T44	14
BP-PA	1030	670	64	236	0.15	1	T133	T156	49
BP-PA	916	484	353	247	0.3	1	T182	T200	33
BP-PA	1398	2	2	598	0.3	1	T115	T171	15
BP-PA	1338	62	6	594	0.3	3	T169	T170	2
BP-PA	1146	254	55	545	0.3	1	T126	T142	22
BP-PA	1296	506	23	175	0.1	3	T1	T117	30
BP-PA	1301	99	25	575	0.3	2	T70	T42	16
BP-PA	737	663	443	157	0.3	1	T20	T59	28
BP-PA	775	625	468	132	0.3	4	T125	T69	44
BP-PA	939	661	282	118	0.2	4	T71	T37	10
BP-PA	592	808	530	70	0.3	2	T101	T55	1
BP-PA	1182	718	64	36	0.05	2	T6	T118	21
BP-PA	1151	549	37	263	0.15	4	T28	T86	32
BP-PA	1313	587	73	27	0.05	2	T15	T6	22
BP-PA	1105	595	240	60	0.15	1	T29	T32	46
BP-PA	1869	31	3	97	0.05	1	T44	T128	25
BP-PA	1099	601	208	92	0.15	3	T76	T108	32
BP-PA	1253	647	5	95	0.05	4	T32	T188	26
BP-PA	1442	58	6	494	0.25	1	T200	T107	33
BP-PA	925	675	271	129	0.2	1	T35	T120	12
BP-PA	1339	61	16	584	0.3	1	T158	T11	36
BP-PA	1101	399	63	437	0.25	4	T140	T194	48
BP-PA	917	483	424	176	0.3	1	T142	T128	6
BP-PA	1434	166	16	384	0.2	5	T56	T28	28
BP-PA	1061	439	86	414	0.25	4	T89	T145	50
BP-PA	1010	790	147	53	0.1	1	T114	T186	50
BP-PA	1024	876	35	65	0.05	1	T96	T167	14
BP-PA	950	651	294	105	0.2	3	T13	T87	5
BP-PA	954	446	113	487	0.3	1	T28	T86	32
BP-PA	1011	789	36	164	0.1	1	T181	T154	49
BP-PA	1458	44	7	491	0.25	3	T35	T7	16
BP-PA	1046	454	303	197	0.25	2	T193	T143	30
BP-PA	987	413	421	179	0.3	2	T145	T94	8
BP-PA	802	798	288	112	0.2	1	T197	T161	39
BP-PA	1033	469	424	74	0.25	3	T148	T130	43
BP-PA	771	929	252	48	0.15	5	T94	T180	11
BP-PA	1060	740	136	64	0.1	2	T57	T177	43
BP-PA	655	745	473	127	0.3	6	T175	T76	36
BP-PA	922	778	212	88	0.15	3	T12	T36	3
BP-PA	1109	393	42	456	0.25	3	T96	T105	47
BP-PA	948	552	397	103	0.25	1	T82	T190	6
BP-PA	1131	669	41	159	0.1	1	T148	T86	25
BP-PA	1053	347	69	531	0.3	1	T98	T22	41
BP-PA	1626	176	11	187	0.1	3	T46	T70	1
BP-PA	1476	24	9	491	0.25	1	T44	T128	25
BP-PA	731	869	306	94	0.2	1	T30	T188	44
BP-PA	1083	417	75	425	0.25	1	T50	T138	21
BP-PA	511	889	495	105	0.3	2	T14	T180	4
BP-PA	842	558	419	181	0.3	1	T150	T137	44
BP-PA	1229	671	67	33	0.05	5	T185	T142	34
BP-PA	1054	646	200	100	0.15	3	T178	T149	19
BP-PA	1226	574	36	164	0.1	2	T196	T8	26
BP-PA	741	659	446	154	0.3	1	T6	T94	32
BP-PA	1010	590	289	111	0.2	2	T6	T118	21
BP-PA	940	562	102	396	0.25	3	T90	T10	24
BP-PA	1514	86	10	390	0.2	1	T159	T119	22
BP-PA	933	467	75	525	0.3	2	T109	T111	10
BP-PA	1310	390	251	49	0.15	1	T31	T191	25
BP-PA	1639	262	5	94	0.05	3	T71	T144	11
BP-PA	1281	119	17	583	0.3	3	T179	T106	9
BP-PA	967	533	423	77	0.25	1	T29	T32	46
BP-PA	1055	845	23	77	0.05	1	T30	T188	44
BP-PA	1414	386	24	176	0.1	2	T20	T32	5
BP-PA	1195	705	60	40	0.05	2	T82	T155	42
BP-PA	703	897	324	76	0.2	1	T181	T154	49
BP-PA	1631	269	4	96	0.05	2	T108	T86	6
BP-PA	813	887	234	66	0.15	2	T171	T4	2
BP-PA	1268	632	10	90	0.05	1	T92	T64	49
BP-PA	897	503	104	496	0.3	2	T7	T15	49
BP-PA	947	653	350	50	0.2	1	T81	T36	13
BP-PA	1090	810	17	83	0.05	2	T136	T196	28
BP-PA	1656	244	10	90	0.05	2	T200	T123	30
BP-PA	843	957	172	28	0.1	1	T172	T69	45
BP-PA	1232	568	139	61	0.1	2	T38	T46	33
BP-PA	712	790	383	115	0.25	3	T109	T76	36
BP-PA	1044	756	144	56	0.1	1	T18	T5	33
BP-PA	1019	881	91	9	0.05	1	T13	T7	47
BP-PA	950	950	68	32	0.05	1	T100	T97	31
BP-PA	980	520	69	431	0.25	1	T57	T160	17
BP-PA	942	558	90	410	0.25	2	T198	T101	10
BP-PA	645	755	462	138	0.3	2	T96	T167	14
BP-PA	1355	545	12	88	0.05	1	T159	T58	33
BP-PA	1047	553	60	340	0.2	4	T57	T160	17
BP-PA	966	734	209	91	0.15	2	T126	T100	21
BP-PA	983	617	72	328	0.2	2	T60	T59	31
BP-PA	647	753	459	141	0.3	2	T17	T30	27
BP-PA	1040	561	343	56	0.2	3	T29	T32	46
BP-PA	829	571	504	96	0.3	2	T32	T37	45
BP-PA	1803	97	1	99	0.05	5	T127	T134	40
BP-PA	1228	172	47	553	0.3	3	T139	T88	43
BP-PA	1189	611	135	65	0.1	2	T107	T167	8
BP-PA	1370	330	38	262	0.15	2	T37	T24	2
BP-PA	940	760	76	224	0.15	1	T105	T80	27
BP-PA	1191	509	46	254	0.15	2	T20	T106	3
BP-PA	1150	550	250	50	0.15	1	T6	T128	16
BP-PA	1470	130	20	380	0.2	1	T56	T112	49
BP-PA	1366	34	4	596	0.3	1	T200	T151	14
BP-PA	837	663	365	135	0.25	4	T23	T171	10
BP-PA	993	607	283	117	0.2	1	T139	T175	47
BP-PA	935	465	405	195	0.3	2	T126	T117	39
BP-PA	1182	419	54	345	0.2	3	T140	T194	48
BP-PA	1473	128	19	380	0.2	3	T172	T179	46
BP-PA	1033	667	72	228	0.15	4	T25	T57	1
BP-PA	862	738	308	92	0.2	1	T125	T69	44
BP-PA	1467	233	24	276	0.15	3	T154	T107	48
BP-PA	1053	747	156	44	0.1	4	T88	T120	12
BP-PA	708	792	375	125	0.25	1	T88	T180	19
BP-PA	1083	517	265	135	0.2	2	T136	T144	8
BP-PA	980	820	56	144	0.1	1	T104	T131	1
BP-PA	1317	83	19	581	0.3	1	T7	T30	32
BP-PA	1323	77	15	585	0.3	3	T159	T119	22
BP-PA	784	916	231	69	0.15	2	T96	T167	14
BP-PA	939	561	329	171	0.25	2	T67	T22	3
BP-PA	1590	311	14	85	0.05	3	T102	T158	16
BP-PA	1372	528	15	85	0.05	1	T1	T117	30
BP-PA	1284	617	15	84	0.05	3	T107	T17	29
BP-PA	1800	0	200	0	0.1	2	T191	T91	3
BP-PA	1187	513	204	96	0.15	2	T77	T87	27
BP-PA	935	565	119	381	0.25	1	T151	T102	1
BP-PA	726	874	301	99	0.2	2	T53	T158	43
BP-PA	1220	684	27	69	0.05	6	T102	T113	10
BP-PA	1289	511	26	174	0.1	2	T159	T58	33
BP-PA	1485	315	23	177	0.1	1	T4	T5	22
BP-PA	706	894	324	76	0.2	2	T193	T33	50
BP-PA	1455	245	21	279	0.15	1	T49	T114	30
BP-PA	1072	328	53	547	0.3	2	T108	T137	11
BP-PA	1255	545	37	163	0.1	2	T89	T145	50
BP-PA	839	761	324	76	0.2	1	T134	T88	24
BP-PA	1658	144	7	191	0.1	3	T172	T179	46
BP-PA	1012	688	22	278	0.15	1	T59	T136	28
BP-PA	1384	516	11	89	0.05	2	T143	T121	35
BP-PA	989	511	77	423	0.25	2	T23	T195	39
BP-PA	814	586	416	184	0.3	2	T139	T115	38
BP-PA	1210	390	49	351	0.2	1	T118	T90	50
BP-PA	654	846	434	66	0.25	2	T153	T30	29
BP-PA	1629	71	5	295	0.15	1	T70	T7	17
BP-PA	1129	371	43	457	0.25	5	T136	T75	50
BP-PA	925	577	319	179	0.25	3	T16	T97	15
BP-PA	788	712	376	124	0.25	1	T141	T66	42
BP-PA	1455	347	155	43	0.1	3	T68	T126	37
BP-PA	1210	590	26	174	0.1	2	T18	T89	27
BP-PA	1140	362	39	459	0.25	3	T86	T59	43
BP-PA	666	734	448	152	0.3	1	T63	T46	7
BP-PA	1748	152	6	94	0.05	2	T47	T130	45
BP-PA	1050	850	67	33	0.05	2	T184	T14	42
BP-PA	771	830	306	93	0.2	3	T171	T4	2
BP-PA	1071	429	87	413	0.25	1	T177	T124	35
BP-PA	1329	473	18	180	0.1	3	T96	T105	47
BP-PA	632	768	528	72	0.3	1	T153	T30	29
BP-PA	1212	588	30	170	0.1	1	T130	T177	42
BP-PA	1036	766	39	159	0.1	3	T197	T176	4
BP-PA	1108	592	190	110	0.15	2	T37	T28	11
BP-PA	1026	674	217	83	0.15	1	T13	T160	37
BP-PA	1577	23	3	397	0.2	2	T94	T171	34
BP-PA	792	608	441	159	0.3	1	T27	T24	14
BP-PA	919	481	394	206	0.3	1	T2	T176	20
BP-PA	1108	692	148	52	0.1	2	T47	T32	26
BP-PA	1482	118	17	383	0.2	2	T67	T68	29
BP-PA	1648	154	10	188	0.1	6	T10	T8	1
BP-PA	1329	471	29	171	0.1	1	T151	T183	29
BP-PA	983	618	297	102	0.2	3	T113	T29	36
BP-PA	1120	480	52	348	0.2	2	T20	T124	35
BP-PA	1355	545	14	86	0.05	1	T51	T110	40
BP-PA	1232	268	44	456	0.25	2	T53	T162	11
BP-PA	1012	588	81	319	0.2	2	T16	T190	42
BP-PA	1328	272	26	374	0.2	1	T48	T177	28
BP-PA	812	588	423	177	0.3	2	T14	T40	34
BP-PA	1076	524	334	66	0.2	2	T6	T128	16
BP-PA	1168	532	50	250	0.15	1	T177	T109	13
BP-PA	1163	737	70	30	0.05	2	T22	T11	29
BP-PA	1019	481	70	430	0.25	2	T130	T177	42
BP-PA	1418	282	17	283	0.15	1	T106	T158	8
BP-PA	1248	152	23	577	0.3	2	T33	T31	19
BP-PA	698	702	450	150	0.3	4	T142	T10	17
BP-PA	1076	324	62	538	0.3	3	T145	T172	44
BP-PA	1133	767	27	73	0.05	1	T8	T54	38
BP-PA	938	564	337	161	0.25	3	T181	T9	36
BP-PA	665	837	462	36	0.25	3	T29	T187	29
BP-PA	918	782	210	90	0.15	2	T17	T197	5
BP-PA	917	683	300	100	0.2	2	T126	T100	21
BP-PA	1513	187	19	281	0.15	4	T117	T137	40
BP-PA	1498	2	2	498	0.25	1	T115	T171	15
BP-PA	961	539	330	170	0.25	1	T101	T126	4
BP-PA	982	818	150	50	0.1	4	T144	T28	44
BP-PA	1819	81	3	97	0.05	2	T101	T107	17
BP-PA	739	661	454	146	0.3	1	T191	T161	39
BP-PA	1477	123	2	398	0.2	2	T58	T103	21
BP-PA	1700	0	300	0	0.15	1	T125	T141	18
BP-PA	1254	146	23	577	0.3	2	T46	T70	1
BP-PA	1272	128	20	580	0.3	1	T10	T8	1
BP-PA	1298	504	32	166	0.1	3	T71	T144	20
BP-PA	1400	0	0	600	0.3	4	T145	T197	7
BP-PA	1522	178	16	284	0.15	1	T174	T115	28
BP-PA	1416	84	8	492	0.25	1	T158	T11	36
BP-PA	1683	17	3	297	0.15	2	T94	T171	34
BP-PA	559	841	470	130	0.3	2	T8	T54	38
BP-PA	1800	0	200	0	0.1	1	T125	T141	18
BP-PA	1247	253	43	457	0.25	2	T187	T11	14
BP-PA	809	591	437	163	0.3	4	T138	T99	25
BP-PA	1600	0	400	0	0.2	2	T166	T34	28
BP-PA	912	488	600	0	0.3	1	T193	T113	14
BP-PA	1043	357	50	550	0.3	2	T173	T48	9
BP-PA	1002	598	280	120	0.2	2	T30	T47	37
BP-PA	1394	406	14	186	0.1	2	T111	T137	11
BP-PA	1462	238	16	284	0.15	1	T121	T93	5
BP-PA	1372	528	10	90	0.05	2	T57	T196	42
BP-PA	1348	252	39	361	0.2	2	T52	T29	6
BP-PA	858	642	361	139	0.25	2	T14	T148	10
BP-PA	1714	186	6	94	0.05	2	T46	T70	1
BP-PA	1318	482	26	174	0.1	2	T139	T159	15
BP-PA	607	793	556	44	0.3	1	T29	T187	29
