phylter-k050-island_0	1128	266	422	184	0.303	0.9900990099009901
phylter-k050-island_0	922	412	456	210	0.333	0.6006006006006006
phylter-k050-island_0	508	826	210	456	0.333	0.6006006006006006
phylter-k050-island_0	1061	333	382	224	0.303	0.9900990099009901
phylter-k050-island_0	1229	569	102	100	0.101	0.9900990099009901
phylter-k050-island_0	1361	265	272	102	0.187	0.8021390374331551
phylter-k050-island_0	1333	1	666	0	0.333	0.6006006006006006
phylter-k050-island_0	1182	652	85	81	0.083	0.6024096385542168
phylter-k050-island_0	604	1194	78	124	0.101	0.9900990099009901
phylter-k050-island_0	1822	12	165	1	0.083	0.6024096385542168
phylter-k050-island_0	296	1330	91	283	0.187	0.8021390374331551
phylter-k050-island_0	906	469	357	268	0.3125	0.8016
phylter-k050-island_0	1583	316	79	22	0.0505	0.9900990099009901
phylter-k050-island_0	1324	373	224	79	0.1515	0.9900990099009901
phylter-k050-island_0	1133	362	297	208	0.2525	0.9900990099009901
phylter-k050-island_0	1739	11	250	0	0.125	0.804
phylter-k050-island_0	744	882	128	246	0.187	0.8021390374331551
phylter-k050-island_0	1133	261	426	180	0.303	0.9900990099009901
phylter-k050-island_0	1124	472	241	163	0.202	0.9900990099009901
phylter-k050-island_0	1270	480	151	99	0.125	0.804
phylter-k050-island_0	1092	403	347	158	0.2525	0.9900990099009901
phylter-k050-island_0	395	1302	75	228	0.1515	0.9900990099009901
phylter-k050-island_0	1038	629	206	127	0.1665	0.6006006006006006
phylter-k050-island_0	1127	267	486	120	0.303	0.9900990099009901
phylter-k050-island_0	993	7	972	28	0.5	0.6
phylter-k050-island_0	647	1252	40	61	0.0505	0.9900990099009901
phylter-k050-island_0	1230	396	240	134	0.187	0.8021390374331551
phylter-k050-island_0	1207	293	357	143	0.25	0.802
phylter-k050-island_0	90	1785	23	102	0.0625	0.808
phylter-k050-island_0	620	976	163	241	0.202	0.9900990099009901
phylter-k050-island_0	542	625	418	415	0.4165	0.6002400960384153
phylter-k050-island_0	1127	248	452	173	0.3125	0.8016
phylter-k050-island_0	609	391	533	467	0.5	0.6
phylter-k050-island_0	597	570	411	422	0.4165	0.6002400960384153
phylter-k050-island_0	748	252	692	308	0.5	0.6
phylter-k050-island_0	201	1174	129	496	0.3125	0.8016
phylter-k050-island_0	917	583	245	255	0.25	0.802
phylter-k050-island_0	163	1712	27	98	0.0625	0.808
phylter-k050-island_0	1252	374	261	113	0.187	0.8021390374331551
phylter-k050-island_0	1384	10	586	20	0.303	0.9900990099009901
phylter-k050-island_0	1372	224	345	59	0.202	0.9900990099009901
phylter-k050-island_0	266	985	213	536	0.3745	0.801068090787717
phylter-k050-island_0	275	1100	146	479	0.3125	0.8016
phylter-k050-island_0	957	210	641	192	0.4165	0.6002400960384153
phylter-k050-island_0	1026	570	221	183	0.202	0.9900990099009901
phylter-k050-island_0	1004	871	19	106	0.0625	0.808
phylter-k050-island_0	823	511	405	261	0.333	0.6006006006006006
phylter-k050-island_0	1203	297	348	152	0.25	0.802
phylter-k050-island_0	852	148	823	177	0.5	0.6
phylter-k050-island_0	695	1103	73	129	0.101	0.9900990099009901
phylter-k050-island_0	916	680	201	203	0.202	0.9900990099009901
phylter-k050-island_0	1097	403	322	178	0.25	0.802
phylter-k050-island_0	1135	532	158	175	0.1665	0.6006006006006006
phylter-k050-island_0	666	1132	79	123	0.101	0.9900990099009901
phylter-k050-island_0	918	957	63	62	0.0625	0.808
phylter-k050-island_0	436	898	206	460	0.333	0.6006006006006006
phylter-k050-island_0	705	546	375	374	0.3745	0.801068090787717
phylter-k050-island_0	1067	308	433	192	0.3125	0.8016
phylter-k050-island_0	897	270	543	290	0.4165	0.6002400960384153
phylter-k050-island_0	1017	483	319	181	0.25	0.6
phylter-k050-island_0	836	831	169	164	0.1665	0.6006006006006006
phylter-k050-island_0	613	387	552	448	0.5	0.6
phylter-k050-island_0	1401	296	242	61	0.1515	0.9900990099009901
phylter-k050-island_0	1181	314	298	207	0.2525	0.9900990099009901
phylter-k050-island_0	1208	388	282	122	0.202	0.9900990099009901
phylter-k050-island_0	818	932	105	145	0.125	0.804
phylter-k050-island_0	1083	417	307	193	0.25	0.6
phylter-k050-island_0	1113	786	46	55	0.0505	0.9900990099009901
phylter-k050-island_0	1069	628	161	142	0.1515	0.9900990099009901
phylter-k050-island_0	103	1594	50	253	0.1515	0.9900990099009901
phylter-k050-island_0	1106	793	41	60	0.0505	0.9900990099009901
phylter-k050-island_0	696	804	232	268	0.25	0.6
phylter-k050-island_0	1003	372	406	219	0.3125	0.8016
phylter-k050-island_0	285	1382	73	260	0.1665	0.6006006006006006
phylter-k050-island_0	836	164	786	214	0.5	0.6
phylter-k050-island_0	1202	132	551	115	0.333	0.6006006006006006
phylter-k050-island_0	954	796	134	116	0.125	0.804
phylter-k050-island_0	1005	490	280	225	0.2525	0.9900990099009901
phylter-k050-island_0	1295	402	194	109	0.1515	0.9900990099009901
phylter-k050-island_0	994	257	479	270	0.3745	0.801068090787717
phylter-k050-island_0	777	1057	71	95	0.083	0.6024096385542168
phylter-k050-island_0	1066	268	478	188	0.333	0.6006006006006006
phylter-k050-island_0	705	1170	43	82	0.0625	0.808
phylter-k050-island_0	1495	0	505	0	0.2525	0.9900990099009901
phylter-k050-island_0	983	351	500	166	0.333	0.6006006006006006
phylter-k050-island_0	994	881	60	65	0.0625	0.808
phylter-k050-island_0	503	1295	64	138	0.101	0.9900990099009901
phylter-k050-island_0	1061	190	591	158	0.3745	0.801068090787717
phylter-k050-island_0	1035	799	37	129	0.083	0.6024096385542168
phylter-k050-island_0	1007	387	367	239	0.303	0.9900990099009901
phylter-k050-island_0	1165	502	182	151	0.1665	0.6006006006006006
phylter-k050-island_0	621	379	609	391	0.5	0.6
phylter-k050-island_0	540	955	154	351	0.2525	0.9900990099009901
phylter-k050-island_0	683	817	222	278	0.25	0.6
phylter-k050-island_0	735	1063	76	126	0.101	0.9900990099009901
phylter-k050-island_0	586	914	191	309	0.25	0.6
phylter-k050-island_0	1798	0	202	0	0.101	0.9900990099009901
phylter-k050-island_0	745	506	346	403	0.3745	0.801068090787717
phylter-k050-island_0	649	1018	125	208	0.1665	0.6006006006006006
phylter-k050-island_0	135	1740	27	98	0.0625	0.808
phylter-k050-island_0	851	543	312	294	0.303	0.9900990099009901
phylter-k050-island_0	1210	285	383	122	0.2525	0.9900990099009901
phylter-k050-island_0	771	926	116	187	0.1515	0.9900990099009901
phylter-k050-island_0	1667	0	333	0	0.1665	0.6006006006006006
phylter-k050-island_0	778	389	478	355	0.4165	0.6002400960384153
phylter-k050-island_0	1015	319	482	184	0.333	0.6006006006006006
phylter-k050-island_0	560	834	197	409	0.303	0.9900990099009901
phylter-k050-island_0	443	1355	70	132	0.101	0.9900990099009901
phylter-k050-island_0	1251	124	519	106	0.3125	0.8016
phylter-k050-island_0	1498	2	499	1	0.25	0.6
phylter-k050-island_0	580	920	198	302	0.25	0.6
phylter-k050-island_0	1006	893	53	48	0.0505	0.9900990099009901
phylter-k050-island_0	1009	789	98	104	0.101	0.9900990099009901
phylter-k050-island_0	966	933	0	101	0.0505	0.9900990099009901
phylter-k050-island_0	970	929	0	101	0.0505	0.9900990099009901
phylter-k050-island_0	1215	285	366	134	0.25	0.6
phylter-k050-island_0	306	1391	60	243	0.1515	0.9900990099009901
phylter-k050-island_0	340	1155	130	375	0.2525	0.9900990099009901
phylter-k050-island_0	1400	196	283	121	0.202	0.9900990099009901
phylter-k050-island_0	1021	373	400	206	0.303	0.9900990099009901
phylter-k050-island_0	690	477	418	415	0.4165	0.6002400960384153
phylter-k050-island_0	590	1077	135	198	0.1665	0.6006006006006006
phylter-k050-island_0	391	776	300	533	0.4165	0.6002400960384153
phylter-k050-island_0	1172	328	365	135	0.25	0.6
phylter-k050-island_0	1107	393	361	139	0.25	0.6
phylter-k050-island_0	996	903	56	45	0.0505	0.9900990099009901
phylter-k050-island_0	802	573	356	269	0.3125	0.8016
phylter-k050-island_0	383	1284	91	242	0.1665	0.6006006006006006
phylter-k050-island_0	948	927	64	61	0.0625	0.808
phylter-k050-island_0	817	517	375	291	0.333	0.6006006006006006
phylter-k050-island_0	1237	359	260	144	0.202	0.9900990099009901
phylter-k050-island_0	1339	536	74	51	0.0625	0.808
phylter-k050-island_0	677	657	331	335	0.333	0.6006006006006006
phylter-k050-island_0	596	798	242	364	0.303	0.9900990099009901
phylter-k050-island_0	1282	314	283	121	0.202	0.9900990099009901
phylter-k050-island_0	644	1255	41	60	0.0505	0.9900990099009901
phylter-k050-island_0	728	772	191	309	0.25	0.6
phylter-k050-island_0	872	503	380	245	0.3125	0.8016
phylter-k050-island_0	1096	399	298	207	0.2525	0.9900990099009901
phylter-k050-island_0	639	1058	117	186	0.1515	0.9900990099009901
phylter-k050-island_0	483	517	492	508	0.5	0.6
phylter-k050-island_0	1167	227	449	157	0.303	0.9900990099009901
phylter-k050-island_0	366	1432	54	148	0.101	0.9900990099009901
phylter-k050-island_0	873	378	474	275	0.3745	0.801068090787717
phylter-k050-island_0	251	1583	36	130	0.083	0.6024096385542168
phylter-k050-island_0	689	478	453	380	0.4165	0.6002400960384153
phylter-k050-island_0	627	1272	39	62	0.0505	0.9900990099009901
phylter-k050-island_0	1118	680	114	88	0.101	0.9900990099009901
phylter-k050-island_0	1015	884	1	100	0.0505	0.9900990099009901
phylter-k050-island_0	472	1225	94	209	0.1515	0.9900990099009901
phylter-k050-island_0	851	644	252	253	0.2525	0.9900990099009901
phylter-k050-island_0	1036	358	395	211	0.303	0.9900990099009901
phylter-k050-island_0	854	146	780	220	0.5	0.6
phylter-k050-island_0	231	1668	23	78	0.0505	0.9900990099009901
phylter-k050-island_0	568	599	407	426	0.4165	0.6002400960384153
phylter-k050-island_0	878	920	63	139	0.101	0.9900990099009901
phylter-k050-island_0	1017	817	30	136	0.083	0.6024096385542168
phylter-k050-island_0	848	403	465	284	0.3745	0.801068090787717
phylter-k050-island_0	658	717	294	331	0.3125	0.8016
phylter-k050-island_0	635	991	118	256	0.187	0.8021390374331551
phylter-k050-island_0	1272	324	270	134	0.202	0.9900990099009901
phylter-k050-island_0	1329	368	195	108	0.1515	0.9900990099009901
phylter-k050-island_0	165	1585	37	213	0.125	0.804
phylter-k050-island_0	1286	340	260	114	0.187	0.8021390374331551
phylter-k050-island_0	782	713	251	254	0.2525	0.9900990099009901
phylter-k050-island_0	1189	561	141	109	0.125	0.804
phylter-k050-island_0	259	1337	82	322	0.202	0.9900990099009901
phylter-k050-island_0	248	919	235	598	0.4165	0.6002400960384153
phylter-k050-island_0	922	329	484	265	0.3745	0.801068090787717
phylter-k050-island_0	1130	245	458	167	0.3125	0.8016
phylter-k050-island_0	553	1197	82	168	0.125	0.804
phylter-k050-island_0	1038	462	322	178	0.25	0.802
phylter-k050-island_0	1358	268	299	75	0.187	0.8021390374331551
phylter-k050-island_0	1192	183	476	149	0.3125	0.8016
phylter-k050-island_0	553	698	346	403	0.3745	0.801068090787717
phylter-k050-island_0	1430	404	128	38	0.083	0.6024096385542168
phylter-k050-island_0	1156	440	261	143	0.202	0.9900990099009901
phylter-k050-island_0	412	839	211	538	0.3745	0.801068090787717
phylter-k050-island_0	322	1512	37	129	0.083	0.6024096385542168
phylter-k050-island_0	923	673	244	160	0.202	0.9900990099009901
phylter-k050-island_0	803	572	336	289	0.3125	0.8016
phylter-k050-island_0	586	1081	109	224	0.1665	0.6006006006006006
phylter-k050-island_0	1166	460	240	134	0.187	0.8021390374331551
phylter-k050-island_0	565	935	215	285	0.25	0.802
phylter-k050-island_0	864	636	252	248	0.25	0.802
phylter-k050-island_0	762	1036	88	114	0.101	0.9900990099009901
phylter-k050-island_0	461	539	388	612	0.5	0.6
phylter-k050-island_0	597	1153	66	184	0.125	0.804
phylter-k050-island_0	1064	603	210	123	0.1665	0.6006006006006006
phylter-k050-island_0	454	1046	177	323	0.25	0.802
phylter-k050-island_0	672	328	595	405	0.5	0.6
phylter-k050-island_0	1384	366	198	52	0.125	0.804
phylter-k050-island_0	1596	0	404	0	0.202	0.9900990099009901
phylter-k050-island_0	1176	324	363	137	0.25	0.802
phylter-k050-island_0	925	326	519	230	0.3745	0.801068090787717
phylter-k050-island_0	239	1261	123	377	0.25	0.802
phylter-k050-island_0	961	914	57	68	0.0625	0.808
phylter-k050-island_0	801	533	352	314	0.333	0.6006006006006006
phylter-k050-island_0	842	409	432	317	0.3745	0.801068090787717
phylter-k050-island_0	986	848	27	139	0.083	0.6024096385542168
phylter-k050-island_0	1207	419	272	102	0.187	0.8021390374331551
phylter-k050-island_0	540	1086	98	276	0.187	0.8021390374331551
phylter-k050-island_0	865	635	258	242	0.25	0.6
phylter-k050-island_0	529	1305	53	113	0.083	0.6024096385542168
phylter-k050-island_0	1505	370	80	45	0.0625	0.808
phylter-k050-island_0	1096	238	471	195	0.333	0.6006006006006006
phylter-k050-island_0	592	1075	129	204	0.1665	0.6006006006006006
phylter-k050-island_0	1231	269	339	161	0.25	0.802
phylter-k050-island_0	971	529	265	235	0.25	0.6
phylter-k050-island_0	1625	1	371	3	0.187	0.8021390374331551
phylter-k050-island_0	639	612	395	354	0.3745	0.801068090787717
phylter-k050-island_0	547	1120	121	212	0.1665	0.6006006006006006
phylter-k050-island_0	786	964	100	150	0.125	0.804
phylter-k050-island_0	1044	290	469	197	0.333	0.6006006006006006
phylter-k050-island_0	1667	0	333	0	0.1665	0.6006006006006006
phylter-k050-island_0	978	772	133	117	0.125	0.804
phylter-k050-island_0	1434	66	492	8	0.25	0.6
phylter-k050-island_0	725	1109	60	106	0.083	0.6024096385542168
phylter-k050-island_0	737	763	253	247	0.25	0.6
phylter-k050-island_0	677	490	471	362	0.4165	0.6002400960384153
phylter-k050-island_0	622	878	192	308	0.25	0.6
phylter-k050-island_0	630	745	270	355	0.3125	0.8016
phylter-k050-island_0	1009	866	50	75	0.0625	0.808
phylter-k050-island_0	1330	4	663	3	0.333	0.6006006006006006
phylter-k050-island_0	632	1035	129	204	0.1665	0.6006006006006006
phylter-k050-island_0	752	844	187	217	0.202	0.9900990099009901
phylter-k050-island_0	1102	292	449	157	0.303	0.9900990099009901
phylter-k050-island_0	1869	6	124	1	0.0625	0.808
phylter-k050-island_0	790	544	357	309	0.333	0.6006006006006006
phylter-k050-island_0	542	1054	155	249	0.202	0.9900990099009901
phylter-k050-island_0	334	833	263	570	0.4165	0.6002400960384153
phylter-k050-island_0	1050	849	15	86	0.0505	0.9900990099009901
phylter-k050-island_0	603	772	262	363	0.3125	0.8016
phylter-k050-island_0	956	741	145	158	0.1515	0.9900990099009901
phylter-k050-island_0	466	1029	168	337	0.2525	0.9900990099009901
phylter-k050-island_0	1168	226	464	142	0.303	0.9900990099009901
phylter-k050-island_0	906	428	387	279	0.333	0.6006006006006006
phylter-k050-island_0	1068	99	686	147	0.4165	0.6002400960384153
phylter-k050-island_0	477	1190	77	256	0.1665	0.6006006006006006
phylter-k050-island_0	871	504	324	301	0.3125	0.8016
phylter-k050-island_0	915	883	102	100	0.101	0.9900990099009901
phylter-k050-island_0	957	942	38	63	0.0505	0.9900990099009901
phylter-k050-island_0	1500	0	500	0	0.25	0.6
phylter-k050-island_0	165	1335	100	400	0.25	0.6
phylter-k050-island_0	1506	292	155	47	0.101	0.9900990099009901
phylter-k050-island_0	586	914	172	328	0.25	0.6
phylter-k050-island_0	740	1159	23	78	0.0505	0.9900990099009901
phylter-k050-island_0	966	933	40	61	0.0505	0.9900990099009901
phylter-k050-island_0	283	1313	109	295	0.202	0.9900990099009901
phylter-k050-island_0	965	530	292	213	0.2525	0.9900990099009901
phylter-k050-island_0	919	778	137	166	0.1515	0.9900990099009901
phylter-k050-island_0	617	1050	125	208	0.1665	0.6006006006006006
phylter-k050-island_0	765	402	509	324	0.4165	0.6002400960384153
phylter-k050-island_0	897	497	324	282	0.303	0.9900990099009901
phylter-k050-island_0	882	1017	35	66	0.0505	0.9900990099009901
phylter-k050-island_0	658	509	426	407	0.4165	0.6002400960384153
phylter-k050-island_0	271	1563	42	124	0.083	0.6024096385542168
phylter-k050-island_0	797	578	313	312	0.3125	0.8016
phylter-k050-island_0	768	483	481	268	0.3745	0.801068090787717
phylter-k050-island_0	995	803	95	107	0.101	0.9900990099009901
phylter-k050-island_0	348	1278	98	276	0.187	0.8021390374331551
phylter-k050-island_0	1023	727	33	217	0.125	0.804
phylter-k050-island_0	615	1082	133	170	0.1515	0.9900990099009901
phylter-k050-island_0	1097	499	228	176	0.202	0.9900990099009901
phylter-k050-island_0	424	1202	138	236	0.187	0.8021390374331551
phylter-k050-island_0	1130	466	243	161	0.202	0.9900990099009901
phylter-k050-island_0	116	1379	83	422	0.2525	0.9900990099009901
phylter-k050-island_0	1201	549	126	124	0.125	0.804
phylter-k050-island_0	536	631	352	481	0.4165	0.6002400960384153
phylter-k050-island_0	1328	506	105	61	0.083	0.6024096385542168
phylter-k050-island_0	1072	303	432	193	0.3125	0.8016
phylter-k050-island_0	1136	115	557	192	0.3745	0.801068090787717
phylter-k050-island_0	1064	633	150	153	0.1515	0.9900990099009901
phylter-k050-island_0	889	606	231	274	0.2525	0.9900990099009901
phylter-k050-island_0	604	396	526	474	0.5	0.6
phylter-k050-island_0	823	428	408	341	0.3745	0.801068090787717
phylter-k050-island_0	956	878	30	136	0.083	0.6024096385542168
phylter-k050-island_0	545	1253	69	133	0.101	0.9900990099009901
phylter-k050-island_0	580	587	417	416	0.4165	0.6002400960384153
phylter-k050-island_0	694	1205	52	49	0.0505	0.9900990099009901
phylter-k050-island_0	379	1419	64	138	0.101	0.9900990099009901
phylter-k050-island_0	122	1777	17	84	0.0505	0.9900990099009901
phylter-k050-island_0	1118	377	357	148	0.2525	0.9900990099009901
phylter-k050-island_0	685	1012	96	207	0.1515	0.9900990099009901
phylter-k050-island_0	700	300	680	320	0.5	0.6
phylter-k050-island_0	565	829	233	373	0.303	0.9900990099009901
phylter-k050-island_0	353	1147	160	340	0.25	0.802
phylter-k050-island_0	962	705	200	133	0.1665	0.6006006006006006
phylter-k050-island_0	859	141	780	220	0.5	0.6
phylter-k050-island_0	848	902	108	142	0.125	0.804
phylter-k050-island_0	585	415	505	495	0.5	0.6
phylter-k050-island_0	1111	389	343	157	0.25	0.802
phylter-k050-island_0	339	1328	94	239	0.1665	0.6006006006006006
phylter-k050-island_0	206	1544	43	207	0.125	0.804
phylter-k050-island_0	1214	286	349	151	0.25	0.802
phylter-k050-island_0	996	600	228	176	0.202	0.9900990099009901
phylter-k050-island_0	618	633	397	352	0.3745	0.801068090787717
phylter-k050-island_0	888	862	102	148	0.125	0.804
phylter-k050-island_0	747	628	324	301	0.3125	0.8016
phylter-k050-island_0	1303	323	258	116	0.187	0.8021390374331551
phylter-k050-island_0	735	765	211	289	0.25	0.802
phylter-k050-island_0	451	800	245	504	0.3745	0.801068090787717
phylter-k050-island_0	978	856	33	133	0.083	0.6024096385542168
phylter-k050-island_0	1057	194	563	186	0.3745	0.801068090787717
phylter-k050-island_0	1163	671	88	78	0.083	0.6024096385542168
phylter-k050-island_0	1208	388	266	138	0.202	0.9900990099009901
phylter-k050-island_0	597	903	203	297	0.25	0.802
phylter-k050-island_0	1661	6	332	1	0.1665	0.6006006006006006
phylter-k050-island_0	1195	431	214	160	0.187	0.8021390374331551
phylter-k050-island_0	1118	257	474	151	0.3125	0.8016
phylter-k050-island_0	1048	578	208	166	0.187	0.8021390374331551
phylter-k050-island_0	760	740	248	252	0.25	0.6
phylter-k050-island_0	1250	1	746	3	0.3745	0.801068090787717
phylter-k050-island_0	206	1461	66	267	0.1665	0.6006006006006006
phylter-k050-island_0	932	818	111	139	0.125	0.804
phylter-k050-island_0	1596	71	327	6	0.1665	0.6006006006006006
phylter-k050-island_0	590	744	240	426	0.333	0.6006006006006006
phylter-k050-island_0	1750	0	250	0	0.125	0.804
phylter-k050-island_0	358	1476	46	120	0.083	0.6024096385542168
phylter-k050-island_0	778	722	224	276	0.25	0.6
phylter-k050-island_0	335	1540	24	101	0.0625	0.808
phylter-k050-island_0	829	505	361	305	0.333	0.6006006006006006
phylter-k050-island_0	1247	253	345	155	0.25	0.802
phylter-k050-island_0	982	269	569	180	0.3745	0.801068090787717
phylter-k050-island_0	995	380	366	259	0.3125	0.8016
phylter-k050-island_0	733	893	184	190	0.187	0.8021390374331551
phylter-k050-island_0	271	1563	36	130	0.083	0.6024096385542168
phylter-k050-island_0	997	254	535	214	0.3745	0.801068090787717
phylter-k050-island_0	1132	702	88	78	0.083	0.6024096385542168
phylter-k050-island_0	229	1271	77	423	0.25	0.6
phylter-k050-island_0	1212	384	265	139	0.202	0.9900990099009901
phylter-k050-island_0	669	831	220	280	0.25	0.802
phylter-k050-island_0	1271	396	226	107	0.1665	0.6006006006006006
phylter-k050-island_0	1059	816	8	117	0.0625	0.808
phylter-k050-island_0	1032	302	492	174	0.333	0.6006006006006006
phylter-k050-island_0	267	1067	149	517	0.333	0.6006006006006006
phylter-k050-island_0	1094	532	203	171	0.187	0.8021390374331551
phylter-k050-island_0	1386	448	104	62	0.083	0.6024096385542168
phylter-k050-island_0	1233	565	103	99	0.101	0.9900990099009901
phylter-k050-island_0	1385	449	110	56	0.083	0.6024096385542168
phylter-k050-island_0	649	602	359	390	0.3745	0.801068090787717
phylter-k050-island_0	707	919	174	200	0.187	0.8021390374331551
phylter-k050-island_0	1728	70	199	3	0.101	0.9900990099009901
phylter-k050-island_0	937	397	444	222	0.333	0.6006006006006006
phylter-k050-island_0	1160	234	438	168	0.303	0.9900990099009901
phylter-k050-island_0	991	403	413	193	0.303	0.9900990099009901
phylter-k050-island_0	565	1233	73	129	0.101	0.9900990099009901
phylter-k050-island_0	1051	449	295	205	0.25	0.802
phylter-k050-island_0	1029	846	15	110	0.0625	0.808
phylter-k050-island_0	1117	509	211	163	0.187	0.8021390374331551
phylter-k050-island_0	747	849	160	244	0.202	0.9900990099009901
phylter-k050-island_0	958	209	617	216	0.4165	0.6002400960384153
phylter-k050-island_0	908	467	382	243	0.3125	0.8016
phylter-k050-island_0	639	528	445	388	0.4165	0.6002400960384153
phylter-k050-island_0	795	580	301	324	0.3125	0.8016
phylter-k050-island_0	699	301	642	358	0.5	0.6
phylter-k050-island_0	831	503	370	296	0.333	0.6006006006006006
phylter-k050-island_0	565	829	234	372	0.303	0.9900990099009901
phylter-k050-island_0	328	1298	111	263	0.187	0.8021390374331551
phylter-k050-island_0	1140	360	330	170	0.25	0.802
phylter-k050-island_0	810	1065	53	72	0.0625	0.808
phylter-k050-island_0	1064	532	219	185	0.202	0.9900990099009901
phylter-k050-island_0	1117	258	435	190	0.3125	0.8016
phylter-k050-island_0	1358	541	71	30	0.0505	0.9900990099009901
phylter-k050-island_0	1335	415	160	90	0.125	0.804
phylter-k050-island_0	1058	437	347	158	0.2525	0.9900990099009901
phylter-k050-island_0	516	1181	100	203	0.1515	0.9900990099009901
phylter-k050-island_0	1148	478	242	132	0.187	0.8021390374331551
phylter-k050-island_0	656	1041	119	184	0.1515	0.9900990099009901
phylter-k050-island_0	1044	451	317	188	0.2525	0.9900990099009901
phylter-k050-island_0	728	868	146	258	0.202	0.9900990099009901
phylter-k050-island_0	1152	598	134	116	0.125	0.804
phylter-k050-island_0	553	841	255	351	0.303	0.9900990099009901
phylter-k050-island_0	295	705	311	689	0.5	0.6
phylter-k050-island_0	177	1722	25	76	0.0505	0.9900990099009901
phylter-k050-island_0	898	602	271	229	0.25	0.6
phylter-k050-island_0	379	1288	92	241	0.1665	0.6006006006006006
phylter-k050-island_0	431	569	402	598	0.5	0.6
phylter-k050-island_0	770	826	153	251	0.202	0.9900990099009901
phylter-k050-island_0	132	1618	28	222	0.125	0.804
phylter-k050-island_0	1023	472	329	176	0.2525	0.9900990099009901
phylter-k050-island_0	1275	422	190	113	0.1515	0.9900990099009901
phylter-k050-island_0	628	1069	102	201	0.1515	0.9900990099009901
phylter-k050-island_0	1887	12	101	0	0.0505	0.9900990099009901
phylter-k050-island_0	631	869	193	307	0.25	0.6
phylter-k050-island_0	789	711	230	270	0.25	0.6
phylter-k050-island_0	1303	596	59	42	0.0505	0.9900990099009901
phylter-k050-island_0	1697	0	303	0	0.1515	0.9900990099009901
phylter-k050-island_0	756	619	343	282	0.3125	0.8016
phylter-k050-island_0	591	743	266	400	0.333	0.6006006006006006
phylter-k050-island_0	776	891	160	173	0.1665	0.6006006006006006
phylter-k050-island_0	263	737	286	714	0.5	0.6
phylter-k050-island_0	1251	446	187	116	0.1515	0.9900990099009901
phylter-k050-island_0	1224	271	405	100	0.2525	0.9900990099009901
phylter-k050-island_0	958	792	115	135	0.125	0.804
phylter-k050-island_0	906	469	305	320	0.3125	0.8016
phylter-k050-island_0	1057	194	544	205	0.3745	0.801068090787717
phylter-k050-island_0	766	401	475	358	0.4165	0.6002400960384153
phylter-k050-island_0	1587	9	398	6	0.202	0.9900990099009901
phylter-k050-island_0	246	754	322	678	0.5	0.6
phylter-k050-island_0	1045	455	298	202	0.25	0.802
phylter-k050-island_0	1338	460	105	97	0.101	0.9900990099009901
phylter-k050-island_0	457	1418	26	99	0.0625	0.808
phylter-k050-island_0	744	590	346	320	0.333	0.6006006006006006
phylter-k050-island_0	1252	344	234	170	0.202	0.9900990099009901
phylter-k050-island_0	632	1243	44	81	0.0625	0.808
phylter-k050-island_0	427	907	231	435	0.333	0.6006006006006006
phylter-k050-island_0	817	850	161	172	0.1665	0.6006006006006006
phylter-k050-island_0	254	1246	96	404	0.25	0.802
phylter-k050-island_0	1039	759	2	200	0.101	0.9900990099009901
phylter-k050-island_0	1127	248	483	142	0.3125	0.8016
phylter-k050-island_0	717	534	388	361	0.3745	0.801068090787717
phylter-k050-island_0	935	232	588	245	0.4165	0.6002400960384153
phylter-k050-island_0	450	1050	131	369	0.25	0.6
phylter-k050-island_0	420	1247	80	253	0.1665	0.6006006006006006
phylter-k050-island_0	129	871	191	809	0.5	0.6
phylter-k050-island_0	1110	284	402	204	0.303	0.9900990099009901
phylter-k050-island_0	468	1032	170	330	0.25	0.6
phylter-k050-island_0	969	829	87	115	0.101	0.9900990099009901
phylter-k050-island_0	981	519	302	198	0.25	0.6
phylter-k050-island_0	594	657	374	375	0.3745	0.801068090787717
phylter-k050-island_0	526	1272	52	150	0.101	0.9900990099009901
phylter-k050-island_0	334	1060	161	445	0.303	0.9900990099009901
phylter-k050-island_0	1144	731	60	65	0.0625	0.808
phylter-k050-island_0	786	881	133	200	0.1665	0.6006006006006006
phylter-k050-island_0	682	318	605	395	0.5	0.6
phylter-k050-island_0	1158	337	368	137	0.2525	0.9900990099009901
phylter-k050-island_0	663	588	363	386	0.3745	0.801068090787717
phylter-k050-island_0	1273	561	96	70	0.083	0.6024096385542168
phylter-k050-island_0	493	841	234	432	0.333	0.6006006006006006
phylter-k050-island_0	976	899	15	110	0.0625	0.808
phylter-k050-island_0	173	1322	113	392	0.2525	0.9900990099009901
phylter-k050-island_0	692	642	337	329	0.333	0.6006006006006006
phylter-k050-island_0	1435	440	79	46	0.0625	0.808
phylter-k050-island_0	501	750	307	442	0.3745	0.801068090787717
phylter-k050-island_0	803	995	79	123	0.101	0.9900990099009901
phylter-k050-island_0	1031	803	75	91	0.083	0.6024096385542168
phylter-k050-island_0	998	377	386	239	0.3125	0.8016
phylter-k050-island_0	1011	240	518	231	0.3745	0.801068090787717
phylter-k050-island_0	1002	832	87	79	0.083	0.6024096385542168
phylter-k050-island_0	828	339	548	285	0.4165	0.6002400960384153
phylter-k050-island_0	693	1141	62	104	0.083	0.6024096385542168
phylter-k050-island_0	867	729	191	213	0.202	0.9900990099009901
phylter-k050-island_0	1374	376	163	87	0.125	0.804
phylter-k050-island_0	439	561	462	538	0.5	0.6
phylter-k050-island_0	769	625	293	313	0.303	0.9900990099009901
phylter-k050-island_0	1385	241	264	110	0.187	0.8021390374331551
phylter-k050-island_0	1132	618	145	105	0.125	0.804
phylter-k050-island_0	586	1010	166	238	0.202	0.9900990099009901
phylter-k050-island_0	1626	0	374	0	0.187	0.8021390374331551
phylter-k050-island_0	908	467	366	259	0.3125	0.8016
phylter-k050-island_0	868	383	423	326	0.3745	0.801068090787717
phylter-k050-island_0	1025	809	41	125	0.083	0.6024096385542168
phylter-k050-island_0	505	662	341	492	0.4165	0.6002400960384153
phylter-k050-island_0	742	258	668	332	0.5	0.6
phylter-k050-island_0	635	759	287	319	0.303	0.9900990099009901
phylter-k050-island_0	845	751	204	200	0.202	0.9900990099009901
phylter-k050-island_0	471	1226	97	206	0.1515	0.9900990099009901
phylter-k050-island_0	1172	323	362	143	0.2525	0.9900990099009901
phylter-k050-island_0	673	1226	50	51	0.0505	0.9900990099009901
phylter-k050-island_0	1081	717	96	106	0.101	0.9900990099009901
phylter-k050-island_0	467	1432	33	68	0.0505	0.9900990099009901
phylter-k050-island_0	877	498	368	257	0.3125	0.8016
phylter-k050-island_0	300	1498	61	141	0.101	0.9900990099009901
phylter-k050-island_0	830	564	307	299	0.303	0.9900990099009901
phylter-k050-island_0	447	1179	102	272	0.187	0.8021390374331551
phylter-k050-island_0	221	779	186	814	0.5	0.6
phylter-k050-island_0	1261	234	364	141	0.2525	0.9900990099009901
phylter-k050-island_0	1745	5	246	4	0.125	0.804
phylter-k050-island_0	857	840	132	171	0.1515	0.9900990099009901
phylter-k050-island_0	1101	399	338	162	0.25	0.6
phylter-k050-island_0	642	525	429	404	0.4165	0.6002400960384153
phylter-k050-island_0	260	1639	15	86	0.0505	0.9900990099009901
phylter-k050-island_0	1017	579	204	200	0.202	0.9900990099009901
phylter-k050-island_0	1278	217	356	149	0.2525	0.9900990099009901
phylter-k050-island_0	1157	343	379	121	0.25	0.802
phylter-k050-island_0	713	454	444	389	0.4165	0.6002400960384153
phylter-k050-island_0	1034	300	441	225	0.333	0.6006006006006006
phylter-k050-island_0	920	955	10	115	0.0625	0.808
phylter-k050-island_0	794	903	117	186	0.1515	0.9900990099009901
phylter-k050-island_0	1271	325	289	115	0.202	0.9900990099009901
phylter-k050-island_0	958	376	452	214	0.333	0.6006006006006006
phylter-k050-island_0	1088	787	72	53	0.0625	0.808
phylter-k050-island_0	864	511	395	230	0.3125	0.8016
phylter-k050-island_0	146	1652	40	162	0.101	0.9900990099009901
phylter-k050-island_0	354	1545	25	76	0.0505	0.9900990099009901
phylter-k050-island_0	695	1204	52	49	0.0505	0.9900990099009901
phylter-k050-island_0	557	610	353	480	0.4165	0.6002400960384153
phylter-k050-island_0	1193	307	367	133	0.25	0.6
phylter-k050-island_0	792	375	563	270	0.4165	0.6002400960384153
phylter-k050-island_0	1657	10	333	0	0.1665	0.6006006006006006
phylter-k050-island_0	1030	364	389	217	0.303	0.9900990099009901
phylter-k050-island_0	386	1311	91	212	0.1515	0.9900990099009901
phylter-k050-island_0	1079	416	344	161	0.2525	0.9900990099009901
phylter-k050-island_0	1223	277	368	132	0.25	0.6
phylter-k050-island_0	242	1657	32	69	0.0505	0.9900990099009901
phylter-k050-island_0	1242	556	139	63	0.101	0.9900990099009901
phylter-k050-island_0	1039	128	673	160	0.4165	0.6002400960384153
phylter-k050-island_0	1479	420	63	38	0.0505	0.9900990099009901
phylter-k050-island_0	1038	462	334	166	0.25	0.6
phylter-k050-island_0	281	1517	50	152	0.101	0.9900990099009901
phylter-k050-island_0	787	1088	57	68	0.0625	0.808
phylter-k050-island_0	1068	326	411	195	0.303	0.9900990099009901
phylter-k050-island_0	814	853	160	173	0.1665	0.6006006006006006
phylter-k050-island_0	1268	227	333	172	0.2525	0.9900990099009901
phylter-k050-island_0	1100	597	152	151	0.1515	0.9900990099009901
phylter-k050-island_0	942	808	136	114	0.125	0.804
phylter-k050-island_0	775	725	229	271	0.25	0.6
phylter-k050-island_0	1164	586	158	92	0.125	0.804
phylter-k050-island_0	475	1192	86	247	0.1665	0.6006006006006006
phylter-k050-island_0	412	1088	174	326	0.25	0.802
phylter-k050-island_0	1392	483	84	41	0.0625	0.808
phylter-k050-island_0	1055	642	174	129	0.1515	0.9900990099009901
phylter-k050-island_0	883	867	135	115	0.125	0.804
phylter-k050-island_0	904	763	160	173	0.1665	0.6006006006006006
phylter-k050-island_0	422	1078	197	303	0.25	0.6
phylter-k050-island_0	238	1262	123	377	0.25	0.802
phylter-k050-island_0	380	954	231	435	0.333	0.6006006006006006
phylter-k050-island_0	1808	67	121	4	0.0625	0.808
phylter-k050-island_0	948	886	70	96	0.083	0.6024096385542168
phylter-k050-island_0	1143	483	220	154	0.187	0.8021390374331551
phylter-k050-island_0	425	826	301	448	0.3745	0.801068090787717
phylter-k050-island_0	398	1228	102	272	0.187	0.8021390374331551
phylter-k050-island_0	591	1243	63	103	0.083	0.6024096385542168
phylter-k050-island_0	1086	165	574	175	0.3745	0.801068090787717
phylter-k050-island_0	891	443	376	290	0.333	0.6006006006006006
phylter-k050-island_0	1458	417	71	54	0.0625	0.808
phylter-k050-island_0	955	545	310	190	0.25	0.802
phylter-k050-island_0	1194	556	142	108	0.125	0.804
phylter-k050-island_0	869	965	71	95	0.083	0.6024096385542168
phylter-k050-island_0	1122	378	352	148	0.25	0.802
phylter-k050-island_0	1370	380	183	67	0.125	0.804
phylter-k050-island_0	199	801	270	730	0.5	0.6
phylter-k050-island_0	970	697	77	256	0.1665	0.6006006006006006
phylter-k050-island_0	1013	381	404	202	0.303	0.9900990099009901
phylter-k050-island_0	549	1077	121	253	0.187	0.8021390374331551
phylter-k050-island_0	1374	1	622	3	0.3125	0.8016
phylter-k050-island_0	892	858	91	159	0.125	0.804
phylter-k050-island_0	1301	366	230	103	0.1665	0.6006006006006006
phylter-k050-island_0	719	281	760	240	0.5	0.6
phylter-k050-island_0	589	911	167	333	0.25	0.802
phylter-k050-island_0	894	606	269	231	0.25	0.802
phylter-k050-island_0	1081	294	446	179	0.3125	0.8016
phylter-k050-island_0	1626	0	374	0	0.187	0.8021390374331551
phylter-k050-island_0	1500	0	500	0	0.25	0.802
phylter-k050-island_0	1190	406	283	121	0.202	0.9900990099009901
phylter-k050-island_0	816	1018	80	86	0.083	0.6024096385542168
phylter-k050-island_0	253	998	191	558	0.3745	0.801068090787717
phylter-k050-island_0	1387	209	300	104	0.202	0.9900990099009901
phylter-k050-island_0	787	1047	57	109	0.083	0.6024096385542168
phylter-k050-island_0	540	711	291	458	0.3745	0.801068090787717
phylter-k050-island_0	688	938	140	234	0.187	0.8021390374331551
phylter-k050-island_0	772	603	306	319	0.3125	0.8016
phylter-k050-island_0	1135	365	337	163	0.25	0.802
phylter-k050-island_0	316	684	341	659	0.5	0.6
phylter-k050-island_0	870	625	225	280	0.2525	0.9900990099009901
phylter-k050-island_0	681	915	191	213	0.202	0.9900990099009901
phylter-k050-island_0	340	1410	63	187	0.125	0.804
phylter-k050-island_0	702	924	157	217	0.187	0.8021390374331551
phylter-k050-island_0	1228	647	72	53	0.0625	0.808
phylter-k050-island_0	906	594	270	230	0.25	0.802
phylter-k050-island_0	617	758	306	319	0.3125	0.8016
phylter-k050-island_0	257	743	268	732	0.5	0.6
phylter-k050-island_0	742	425	454	379	0.4165	0.6002400960384153
phylter-k050-island_0	881	119	793	207	0.5	0.6
phylter-k050-island_0	266	1109	142	483	0.3125	0.8016
phylter-k050-island_0	977	922	42	59	0.0505	0.9900990099009901
phylter-k050-island_0	1025	142	740	93	0.4165	0.6002400960384153
phylter-k050-island_0	398	1198	119	285	0.202	0.9900990099009901
phylter-k050-island_0	445	1252	59	244	0.1515	0.9900990099009901
phylter-k050-island_0	318	1557	32	93	0.0625	0.808
phylter-k050-island_0	1295	205	413	87	0.25	0.802
phylter-k050-island_0	1206	420	229	145	0.187	0.8021390374331551
phylter-k050-island_0	1531	368	56	45	0.0505	0.9900990099009901
phylter-k050-island_0	1022	372	405	201	0.303	0.9900990099009901
phylter-k050-island_0	1292	203	406	99	0.2525	0.9900990099009901
phylter-k050-island_0	378	1319	73	230	0.1515	0.9900990099009901
phylter-k050-island_0	1750	0	250	0	0.125	0.804
phylter-k050-island_0	1135	365	318	182	0.25	0.802
phylter-k050-island_0	841	1034	7	118	0.0625	0.808
phylter-k050-island_0	1267	127	494	112	0.303	0.9900990099009901
phylter-k050-island_0	652	1098	81	169	0.125	0.804
phylter-k050-island_0	1224	473	159	144	0.1515	0.9900990099009901
phylter-k050-island_0	657	838	190	315	0.2525	0.9900990099009901
phylter-k050-island_0	675	492	454	379	0.4165	0.6002400960384153
phylter-k050-island_0	1834	65	101	0	0.0505	0.9900990099009901
phylter-k050-island_0	720	906	147	227	0.187	0.8021390374331551
phylter-k050-island_0	358	1036	220	386	0.303	0.9900990099009901
phylter-k050-island_0	606	1228	37	129	0.083	0.6024096385542168
phylter-k050-island_0	1834	0	166	0	0.083	0.6024096385542168
phylter-k050-island_0	452	1174	112	262	0.187	0.8021390374331551
phylter-k050-island_0	1457	341	158	44	0.101	0.9900990099009901
phylter-k050-island_0	1105	289	416	190	0.303	0.9900990099009901
phylter-k050-island_0	1082	252	481	185	0.333	0.6006006006006006
phylter-k050-island_0	742	592	347	319	0.333	0.6006006006006006
phylter-k050-island_0	821	805	150	224	0.187	0.8021390374331551
phylter-k050-island_0	1052	342	373	233	0.303	0.9900990099009901
phylter-k050-island_0	443	1391	49	117	0.083	0.6024096385542168
phylter-k050-island_0	1139	659	100	102	0.101	0.9900990099009901
phylter-k050-island_0	1020	475	324	181	0.2525	0.9900990099009901
phylter-k050-island_0	947	387	420	246	0.333	0.6006006006006006
phylter-k050-island_0	1206	188	374	232	0.303	0.9900990099009901
phylter-k050-island_0	412	588	472	528	0.5	0.6
phylter-k050-island_0	620	1047	108	225	0.1665	0.6006006006006006
phylter-k050-island_0	1281	517	124	78	0.101	0.9900990099009901
phylter-k050-island_0	679	821	210	290	0.25	0.6
phylter-k050-island_0	442	1392	51	115	0.083	0.6024096385542168
phylter-k050-island_0	1791	7	202	0	0.101	0.9900990099009901
phylter-k050-island_0	1177	323	343	157	0.25	0.6
phylter-k050-island_0	1379	116	402	103	0.2525	0.9900990099009901
phylter-k050-island_0	277	723	294	706	0.5	0.6
phylter-k050-island_0	708	959	128	205	0.1665	0.6006006006006006
phylter-k050-island_0	545	849	179	427	0.303	0.9900990099009901
phylter-k050-island_0	462	1038	154	346	0.25	0.6
phylter-k050-island_0	1832	2	166	0	0.083	0.6024096385542168
phylter-k050-island_0	367	884	248	501	0.3745	0.801068090787717
phylter-k050-island_0	359	1516	32	93	0.0625	0.808
phylter-k050-island_0	655	679	301	365	0.333	0.6006006006006006
phylter-k050-island_0	753	914	142	191	0.1665	0.6006006006006006
phylter-k050-island_0	633	367	536	464	0.5	0.6
phylter-k050-island_0	352	1523	27	98	0.0625	0.808
phylter-k050-island_0	579	755	309	357	0.333	0.6006006006006006
phylter-k050-island_0	1177	449	238	136	0.187	0.8021390374331551
phylter-k050-island_0	1078	316	364	242	0.303	0.9900990099009901
phylter-k050-island_0	691	1143	48	118	0.083	0.6024096385542168
phylter-k050-island_0	1301	194	341	164	0.2525	0.9900990099009901
phylter-k050-island_0	1694	3	302	1	0.1515	0.9900990099009901
phylter-k050-island_0	1179	571	132	118	0.125	0.804
phylter-k050-island_0	1140	735	58	67	0.0625	0.808
phylter-k050-island_0	1278	222	347	153	0.25	0.802
phylter-k050-island_0	636	364	620	380	0.5	0.6
phylter-k050-island_0	629	1038	127	206	0.1665	0.6006006006006006
phylter-k050-island_0	1796	2	202	0	0.101	0.9900990099009901
phylter-k050-island_0	962	289	534	215	0.3745	0.801068090787717
phylter-k050-island_0	1334	363	205	98	0.1515	0.9900990099009901
phylter-k050-island_0	618	549	419	414	0.4165	0.6002400960384153
phylter-k050-island_0	918	582	294	206	0.25	0.6
phylter-k050-island_0	689	1210	41	60	0.0505	0.9900990099009901
phylter-k050-island_0	1265	634	48	53	0.0505	0.9900990099009901
phylter-k050-island_0	1500	0	500	0	0.25	0.6
phylter-k050-island_0	1270	427	198	105	0.1515	0.9900990099009901
phylter-k050-island_0	1750	0	250	0	0.125	0.804
phylter-k050-island_0	843	854	137	166	0.1515	0.9900990099009901
phylter-k050-island_0	528	967	170	335	0.2525	0.9900990099009901
phylter-k050-island_0	774	226	737	263	0.5	0.6
phylter-k050-island_0	1022	645	179	154	0.1665	0.6006006006006006
phylter-k050-island_0	1435	464	60	41	0.0505	0.9900990099009901
phylter-k050-island_0	382	785	271	562	0.4165	0.6002400960384153
phylter-k050-island_0	1696	1	303	0	0.1515	0.9900990099009901
phylter-k050-island_0	1027	348	388	237	0.3125	0.8016
phylter-k050-island_0	1036	215	530	219	0.3745	0.801068090787717
phylter-k050-island_0	720	614	333	333	0.333	0.6006006006006006
phylter-k050-island_0	788	1087	54	71	0.0625	0.808
phylter-k050-island_0	1100	698	113	89	0.101	0.9900990099009901
phylter-k050-island_0	772	728	239	261	0.25	0.802
phylter-k050-island_0	1123	574	159	144	0.1515	0.9900990099009901
phylter-k050-island_0	1302	294	269	135	0.202	0.9900990099009901
phylter-k050-island_0	1389	409	132	70	0.101	0.9900990099009901
phylter-k050-island_0	1223	277	327	173	0.25	0.802
phylter-k050-island_0	750	584	351	315	0.333	0.6006006006006006
phylter-k050-island_0	373	1502	35	90	0.0625	0.808
phylter-k050-island_0	1006	590	198	206	0.202	0.9900990099009901
phylter-k050-island_0	547	1203	100	150	0.125	0.804
phylter-k050-island_0	1151	344	353	152	0.2525	0.9900990099009901
phylter-k050-island_0	408	759	282	551	0.4165	0.6002400960384153
phylter-k050-island_0	1048	327	421	204	0.3125	0.8016
phylter-k050-island_0	1043	208	556	193	0.3745	0.801068090787717
phylter-k050-island_0	341	1558	35	66	0.0505	0.9900990099009901
phylter-k050-island_0	1089	305	378	228	0.303	0.9900990099009901
phylter-k050-island_0	730	1020	108	142	0.125	0.804
phylter-k050-island_0	802	895	107	196	0.1515	0.9900990099009901
phylter-k050-island_0	1113	382	341	164	0.2525	0.9900990099009901
phylter-k050-island_0	519	875	223	383	0.303	0.9900990099009901
phylter-k050-island_0	1116	384	338	162	0.25	0.802
phylter-k050-island_0	305	1570	25	100	0.0625	0.808
phylter-k050-island_0	861	634	220	285	0.2525	0.9900990099009901
phylter-k050-island_0	1642	55	303	0	0.1515	0.9900990099009901
phylter-k050-island_0	728	1022	100	150	0.125	0.804
phylter-k050-island_0	526	641	347	486	0.4165	0.6002400960384153
phylter-k050-island_0	1885	14	100	1	0.0505	0.9900990099009901
phylter-k050-island_0	1253	343	281	123	0.202	0.9900990099009901
phylter-k050-island_0	775	975	79	171	0.125	0.804
phylter-k050-island_0	264	1231	128	377	0.2525	0.9900990099009901
phylter-k050-island_0	556	944	195	305	0.25	0.802
phylter-k050-island_0	1299	576	74	51	0.0625	0.808
phylter-k050-island_0	863	763	195	179	0.187	0.8021390374331551
phylter-k050-island_0	776	224	713	287	0.5	0.6
phylter-k050-island_0	528	847	219	406	0.3125	0.8016
phylter-k050-island_0	932	235	558	275	0.4165	0.6002400960384153
phylter-k050-island_0	641	734	286	339	0.3125	0.8016
phylter-k050-island_0	325	675	385	615	0.5	0.6
phylter-k050-island_0	645	1254	41	60	0.0505	0.9900990099009901
phylter-k050-island_0	796	371	503	330	0.4165	0.6002400960384153
phylter-k050-island_0	1130	567	199	104	0.1515	0.9900990099009901
phylter-k050-island_0	607	989	147	257	0.202	0.9900990099009901
phylter-k050-island_0	547	1079	138	236	0.187	0.8021390374331551
phylter-k050-island_0	1027	848	20	105	0.0625	0.808
phylter-k050-island_0	606	894	209	291	0.25	0.802
phylter-k050-island_0	942	856	75	127	0.101	0.9900990099009901
phylter-k050-island_0	381	953	220	446	0.333	0.6006006006006006
phylter-k050-island_0	709	685	378	228	0.303	0.9900990099009901
phylter-k050-island_0	1044	582	190	184	0.187	0.8021390374331551
phylter-k050-island_0	562	832	284	322	0.303	0.9900990099009901
phylter-k050-island_0	471	529	426	574	0.5	0.6
phylter-k050-island_0	1334	0	666	0	0.333	0.6006006006006006
phylter-k050-island_0	1037	797	90	76	0.083	0.6024096385542168
phylter-k050-island_0	1144	654	115	87	0.101	0.9900990099009901
phylter-k050-island_0	513	1113	138	236	0.187	0.8021390374331551
phylter-k050-island_0	964	430	354	252	0.303	0.9900990099009901
phylter-k050-island_0	934	900	33	133	0.083	0.6024096385542168
phylter-k050-island_0	768	1066	53	113	0.083	0.6024096385542168
phylter-k050-island_0	1346	280	271	103	0.187	0.8021390374331551
phylter-k050-island_0	1793	41	164	2	0.083	0.6024096385542168
phylter-k050-island_0	115	1385	85	415	0.25	0.6
phylter-k050-island_0	982	269	485	264	0.3745	0.801068090787717
phylter-k050-island_0	1029	638	199	134	0.1665	0.6006006006006006
phylter-k050-island_0	1223	652	64	61	0.0625	0.808
phylter-k050-island_0	956	378	402	264	0.333	0.6006006006006006
phylter-k050-island_0	634	760	261	345	0.303	0.9900990099009901
phylter-k050-island_0	1179	696	69	56	0.0625	0.808
phylter-k050-island_0	423	911	216	450	0.333	0.6006006006006006
phylter-k050-island_0	556	444	500	500	0.5	0.6
phylter-k050-island_0	1521	313	112	54	0.083	0.6024096385542168
phylter-k050-island_0	863	388	463	286	0.3745	0.801068090787717
phylter-k050-island_0	1251	244	324	181	0.2525	0.9900990099009901
phylter-k050-island_0	777	223	744	256	0.5	0.6
phylter-k050-island_0	1099	568	181	152	0.1665	0.6006006006006006
phylter-k050-island_0	697	697	213	393	0.303	0.9900990099009901
phylter-k050-island_0	371	963	225	441	0.333	0.6006006006006006
phylter-k050-island_0	1032	766	96	106	0.101	0.9900990099009901
phylter-k050-island_0	1281	553	111	55	0.083	0.6024096385542168
phylter-k050-island_0	593	907	197	303	0.25	0.6
phylter-k050-island_0	1321	477	120	82	0.101	0.9900990099009901
phylter-k050-island_0	249	1251	106	394	0.25	0.6
phylter-k050-island_0	575	920	213	292	0.2525	0.9900990099009901
phylter-k050-island_0	1110	284	434	172	0.303	0.9900990099009901
phylter-k050-island_0	315	685	336	664	0.5	0.6
phylter-k050-island_0	197	1470	75	258	0.1665	0.6006006006006006
phylter-k050-island_0	1303	394	186	117	0.1515	0.9900990099009901
phylter-k050-island_0	463	1436	34	67	0.0505	0.9900990099009901
phylter-k050-island_0	724	443	390	443	0.4165	0.6002400960384153
phylter-k050-island_0	1101	150	621	128	0.3745	0.801068090787717
phylter-k050-island_0	1013	362	446	179	0.3125	0.8016
phylter-k050-island_0	898	900	105	97	0.101	0.9900990099009901
phylter-k050-island_0	1386	114	486	14	0.25	0.802
phylter-k050-island_0	883	451	392	274	0.333	0.6006006006006006
phylter-k050-island_0	681	1194	58	67	0.0625	0.808
phylter-k050-island_0	935	661	152	252	0.202	0.9900990099009901
phylter-k050-island_0	1293	404	213	90	0.1515	0.9900990099009901
phylter-k050-island_0	441	893	217	449	0.333	0.6006006006006006
phylter-k050-island_0	583	1292	54	71	0.0625	0.808
phylter-k050-island_0	394	1106	108	392	0.25	0.802
phylter-k050-island_0	1176	319	333	172	0.2525	0.9900990099009901
phylter-k050-island_0	1349	247	268	136	0.202	0.9900990099009901
phylter-k050-island_0	1273	477	149	101	0.125	0.804
phylter-k050-island_0	323	844	233	600	0.4165	0.6002400960384153
phylter-k050-island_0	222	1029	158	591	0.3745	0.801068090787717
phylter-k050-island_0	1040	335	396	229	0.3125	0.8016
phylter-k050-island_0	448	1302	62	188	0.125	0.804
phylter-k050-island_0	1054	643	159	144	0.1515	0.9900990099009901
phylter-k050-island_0	1268	227	308	197	0.2525	0.9900990099009901
phylter-k050-island_0	891	109	812	188	0.5	0.6
phylter-k050-island_0	872	795	154	179	0.1665	0.6006006006006006
phylter-k050-island_0	1246	254	355	145	0.25	0.802
phylter-k050-island_0	287	1511	46	156	0.101	0.9900990099009901
phylter-k050-island_0	653	1222	48	77	0.0625	0.808
phylter-k050-island_0	522	729	310	439	0.3745	0.801068090787717
phylter-k050-island_0	755	412	445	388	0.4165	0.6002400960384153
phylter-k050-island_0	1899	0	101	0	0.0505	0.9900990099009901
phylter-k050-island_0	1172	328	350	150	0.25	0.6
phylter-k050-island_0	652	1045	134	169	0.1515	0.9900990099009901
phylter-k050-island_0	527	973	196	304	0.25	0.6
phylter-k050-island_0	927	972	43	58	0.0505	0.9900990099009901
phylter-k050-island_0	1192	303	383	122	0.2525	0.9900990099009901
phylter-k050-island_0	942	755	133	170	0.1515	0.9900990099009901
phylter-k050-island_0	1695	55	248	2	0.125	0.804
phylter-k050-island_0	820	180	711	289	0.5	0.6
phylter-k050-island_0	1667	0	333	0	0.1665	0.6006006006006006
phylter-k050-island_0	720	674	308	298	0.303	0.9900990099009901
phylter-k050-island_0	865	135	871	129	0.5	0.6
phylter-k050-island_0	1267	228	369	136	0.2525	0.9900990099009901
phylter-k050-island_0	935	762	170	133	0.1515	0.9900990099009901
phylter-k050-island_0	1280	316	268	136	0.202	0.9900990099009901
phylter-k050-island_0	1362	537	45	56	0.0505	0.9900990099009901
phylter-k050-island_0	1798	0	202	0	0.101	0.9900990099009901
phylter-k050-island_0	1199	700	49	52	0.0505	0.9900990099009901
phylter-k050-island_0	945	853	96	106	0.101	0.9900990099009901
phylter-k050-island_0	584	791	250	375	0.3125	0.8016
phylter-k050-island_0	868	132	727	273	0.5	0.6
phylter-k050-island_0	681	713	276	330	0.303	0.9900990099009901
phylter-k050-island_0	1178	448	239	135	0.187	0.8021390374331551
phylter-k050-island_0	1049	648	148	155	0.1515	0.9900990099009901
phylter-k050-island_0	1050	445	349	156	0.2525	0.9900990099009901
phylter-k050-island_0	145	1605	32	218	0.125	0.804
phylter-k050-island_0	913	338	453	296	0.3745	0.801068090787717
phylter-k050-island_0	521	854	232	393	0.3125	0.8016
phylter-k050-island_0	717	1117	61	105	0.083	0.6024096385542168
phylter-k050-island_0	836	331	567	266	0.4165	0.6002400960384153
phylter-k050-island_0	595	1001	150	254	0.202	0.9900990099009901
phylter-k050-island_0	1100	294	352	254	0.303	0.9900990099009901
phylter-k050-island_0	677	949	116	258	0.187	0.8021390374331551
phylter-k050-island_0	491	509	463	537	0.5	0.6
phylter-k050-island_0	1297	299	288	116	0.202	0.9900990099009901
phylter-k050-island_0	1060	690	144	106	0.125	0.804
phylter-k050-island_0	1549	77	367	7	0.187	0.8021390374331551
phylter-k050-island_0	1011	240	537	212	0.3745	0.801068090787717
phylter-k050-island_0	864	511	385	240	0.3125	0.8016
phylter-k050-island_0	403	1431	37	129	0.083	0.6024096385542168
phylter-k050-island_0	959	208	624	209	0.4165	0.6002400960384153
phylter-k050-island_0	1173	221	450	156	0.303	0.9900990099009901
phylter-k050-island_0	1289	378	216	117	0.1665	0.6006006006006006
phylter-k050-island_0	765	402	520	313	0.4165	0.6002400960384153
phylter-k050-island_0	439	1056	166	339	0.2525	0.9900990099009901
phylter-k050-island_0	264	1433	97	206	0.1515	0.9900990099009901
phylter-k050-island_0	763	1136	34	67	0.0505	0.9900990099009901
phylter-k050-island_0	879	621	236	264	0.25	0.6
phylter-k050-island_0	1190	608	98	104	0.101	0.9900990099009901
phylter-k050-island_0	509	658	353	480	0.4165	0.6002400960384153
phylter-k050-island_0	823	677	267	233	0.25	0.6
phylter-k050-island_0	488	1411	35	66	0.0505	0.9900990099009901
phylter-k050-island_0	799	999	92	110	0.101	0.9900990099009901
phylter-k050-island_0	300	867	206	627	0.4165	0.6002400960384153
phylter-k050-island_0	1047	620	162	171	0.1665	0.6006006006006006
phylter-k050-island_0	951	443	389	217	0.303	0.9900990099009901
phylter-k050-island_0	698	1177	43	82	0.0625	0.808
phylter-k050-island_0	726	971	134	169	0.1515	0.9900990099009901
phylter-k050-island_0	344	1151	86	419	0.2525	0.9900990099009901
phylter-k050-island_0	1126	249	472	153	0.3125	0.8016
phylter-k050-island_0	1053	846	2	99	0.0505	0.9900990099009901
phylter-k050-island_0	94	1073	86	747	0.4165	0.6002400960384153
phylter-k050-island_0	1255	245	377	123	0.25	0.6
phylter-k050-island_0	1228	267	321	184	0.2525	0.9900990099009901
phylter-k050-island_0	1195	401	242	162	0.202	0.9900990099009901
phylter-k050-island_0	997	337	452	214	0.333	0.6006006006006006
phylter-k050-island_0	888	987	55	70	0.0625	0.808
phylter-k050-island_0	1166	1	833	0	0.4165	0.6002400960384153
phylter-k050-island_0	135	1461	65	339	0.202	0.9900990099009901
phylter-k050-island_0	1425	272	236	67	0.1515	0.9900990099009901
phylter-k050-island_0	923	411	426	240	0.333	0.6006006006006006
phylter-k050-island_0	1875	0	125	0	0.0625	0.808
phylter-k050-island_0	1203	595	118	84	0.101	0.9900990099009901
phylter-k050-island_0	489	886	241	384	0.3125	0.8016
phylter-k050-island_0	1500	0	495	5	0.25	0.6
phylter-k050-island_0	346	1553	21	80	0.0505	0.9900990099009901
phylter-k050-island_0	331	836	271	562	0.4165	0.6002400960384153
phylter-k050-island_0	1078	821	49	52	0.0505	0.9900990099009901
phylter-k050-island_0	773	561	358	308	0.333	0.6006006006006006
phylter-k050-island_0	1872	3	124	1	0.0625	0.808
phylter-k050-island_0	865	635	265	235	0.25	0.802
phylter-k050-island_0	1052	574	187	187	0.187	0.8021390374331551
phylter-k050-island_0	503	1331	42	124	0.083	0.6024096385542168
phylter-k050-island_0	904	347	499	250	0.3745	0.801068090787717
phylter-k050-island_0	256	1578	34	132	0.083	0.6024096385542168
phylter-k050-island_0	950	217	663	170	0.4165	0.6002400960384153
phylter-k050-island_0	1626	0	374	0	0.187	0.8021390374331551
phylter-k050-island_0	569	682	346	403	0.3745	0.801068090787717
phylter-k050-island_0	508	992	187	313	0.25	0.802
phylter-k050-island_0	554	780	237	429	0.333	0.6006006006006006
phylter-k050-island_0	796	1079	46	79	0.0625	0.808
phylter-k050-island_0	722	1028	109	141	0.125	0.804
phylter-k050-island_0	893	607	255	245	0.25	0.6
phylter-k050-island_0	1056	439	325	180	0.2525	0.9900990099009901
phylter-k050-island_0	381	1369	59	191	0.125	0.804
phylter-k050-island_0	1585	290	65	60	0.0625	0.808
phylter-k050-island_0	1083	417	317	183	0.25	0.802
phylter-k050-island_0	190	1477	55	278	0.1665	0.6006006006006006
phylter-k050-island_0	357	1393	64	186	0.125	0.804
phylter-k050-island_0	955	712	163	170	0.1665	0.6006006006006006
phylter-k050-island_0	891	1008	47	54	0.0505	0.9900990099009901
phylter-k050-island_0	737	763	186	314	0.25	0.6
phylter-k050-island_0	974	652	175	199	0.187	0.8021390374331551
phylter-k050-island_0	752	623	318	307	0.3125	0.8016
phylter-k050-island_0	367	1133	134	366	0.25	0.802
phylter-k050-island_0	1005	591	209	195	0.202	0.9900990099009901
phylter-k050-island_0	946	888	62	104	0.083	0.6024096385542168
phylter-k050-island_0	591	909	189	311	0.25	0.802
phylter-k050-island_0	681	570	388	361	0.3745	0.801068090787717
phylter-k050-island_0	1351	245	287	117	0.202	0.9900990099009901
phylter-k050-island_0	262	1572	49	117	0.083	0.6024096385542168
phylter-k050-island_0	799	452	435	314	0.3745	0.801068090787717
phylter-k050-island_0	797	203	768	232	0.5	0.6
phylter-k050-island_0	1118	382	302	198	0.25	0.802
phylter-k050-island_0	515	1111	149	225	0.187	0.8021390374331551
phylter-k050-island_0	1007	493	296	204	0.25	0.802
phylter-k050-island_0	484	1350	45	121	0.083	0.6024096385542168
phylter-k050-island_0	1232	518	149	101	0.125	0.804
phylter-k050-island_0	222	1153	148	477	0.3125	0.8016
phylter-k050-island_0	861	806	158	175	0.1665	0.6006006006006006
phylter-k050-island_0	1194	432	241	133	0.187	0.8021390374331551
phylter-k050-island_0	608	392	498	502	0.5	0.6
phylter-k050-island_0	543	1207	89	161	0.125	0.804
phylter-k050-island_0	800	200	744	256	0.5	0.6
phylter-k050-island_0	194	1473	76	257	0.1665	0.6006006006006006
