phlag_0010-c_min9max81	1798	0	202	0	0.101	0.9900990099009901
phlag_0010-c_min9max81	1667	0	331	2	0.1665	0.6006006006006006
phlag_0010-c_min9max81	1697	0	303	0	0.1515	0.9900990099009901
phlag_0010-c_min9max81	1594	73	3	330	0.1665	0.6006006006006006
phlag_0010-c_min9max81	1798	0	202	0	0.101	0.9900990099009901
phlag_0010-c_min9max81	1834	0	166	0	0.083	0.6024096385542168
phlag_0010-c_min9max81	916	584	303	197	0.25	0.6
phlag_0010-c_min9max81	1394	0	606	0	0.303	0.9900990099009901
phlag_0010-c_min9max81	1458	37	0	505	0.2525	0.9900990099009901
phlag_0010-c_min9max81	1566	30	0	404	0.202	0.9900990099009901
phlag_0010-c_min9max81	1755	79	0	166	0.083	0.6024096385542168
phlag_0010-c_min9max81	105	1146	679	70	0.3745	0.801068090787717
phlag_0010-c_min9max81	1813	21	0	166	0.083	0.6024096385542168
phlag_0010-c_min9max81	1167	0	833	0	0.4165	0.6002400960384153
phlag_0010-c_min9max81	1206	461	7	326	0.1665	0.6006006006006006
phlag_0010-c_min9max81	1696	1	0	303	0.1515	0.9900990099009901
phlag_0010-c_min9max81	988	12	976	24	0.5	0.6
phlag_0010-c_min9max81	1375	0	625	0	0.3125	0.8016
phlag_0010-c_min9max81	1251	0	749	0	0.3745	0.801068090787717
phlag_0010-c_min9max81	1472	28	25	475	0.25	0.6
phlag_0010-c_min9max81	1626	0	374	0	0.187	0.8021390374331551
phlag_0010-c_min9max81	1319	580	29	72	0.0505	0.9900990099009901
phlag_0010-c_min9max81	1495	0	1	504	0.2525	0.9900990099009901
phlag_0010-c_min9max81	1495	0	0	505	0.2525	0.9900990099009901
phlag_0010-c_min9max81	1689	145	11	155	0.083	0.6024096385542168
phlag_0010-c_min9max81	1774	24	0	202	0.101	0.9900990099009901
phlag_0010-c_min9max81	1626	0	374	0	0.187	0.8021390374331551
phlag_0010-c_min9max81	1875	0	125	0	0.0625	0.808
phlag_0010-c_min9max81	1326	8	8	658	0.333	0.6006006006006006
phlag_0010-c_min9max81	1249	85	98	568	0.333	0.6006006006006006
phlag_0010-c_min9max81	1664	211	0	125	0.0625	0.808
phlag_0010-c_min9max81	1000	0	1000	0	0.5	0.6
phlag_0010-c_min9max81	1310	357	76	257	0.1665	0.6006006006006006
phlag_0010-c_min9max81	0	1697	303	0	0.1515	0.9900990099009901
phlag_0010-c_min9max81	1875	0	125	0	0.0625	0.808
phlag_0010-c_min9max81	1750	0	1	249	0.125	0.804
phlag_0010-c_min9max81	1697	0	303	0	0.1515	0.9900990099009901
phlag_0010-c_min9max81	1172	626	7	195	0.101	0.9900990099009901
phlag_0010-c_min9max81	1626	0	0	374	0.187	0.8021390374331551
phlag_0010-c_min9max81	1394	0	606	0	0.303	0.9900990099009901
phlag_0010-c_min9max81	1798	0	202	0	0.101	0.9900990099009901
phlag_0010-c_min9max81	865	302	334	499	0.4165	0.6002400960384153
phlag_0010-c_min9max81	1000	0	1000	0	0.5	0.6
phlag_0010-c_min9max81	1678	221	0	101	0.0505	0.9900990099009901
phlag_0010-c_min9max81	1375	0	1	624	0.3125	0.8016
phlag_0010-c_min9max81	1750	0	1	249	0.125	0.804
phlag_0010-c_min9max81	1018	477	5	500	0.2525	0.9900990099009901
phlag_0010-c_min9max81	1394	0	141	465	0.303	0.9900990099009901
phlag_0010-c_min9max81	994	6	114	886	0.5	0.6
phlag_0010-c_min9max81	1394	0	0	606	0.303	0.9900990099009901
phlag_0010-c_min9max81	1104	730	83	83	0.083	0.6024096385542168
phlag_0010-c_min9max81	1810	24	7	159	0.083	0.6024096385542168
phlag_0010-c_min9max81	1334	0	666	0	0.333	0.6006006006006006
phlag_0010-c_min9max81	1667	0	333	0	0.1665	0.6006006006006006
phlag_0010-c_min9max81	1228	522	117	133	0.125	0.804
phlag_0010-c_min9max81	1666	1	7	326	0.1665	0.6006006006006006
phlag_0010-c_min9max81	1694	181	0	125	0.0625	0.808
phlag_0010-c_min9max81	1024	673	102	201	0.1515	0.9900990099009901
phlag_0010-c_min9max81	1899	0	101	0	0.0505	0.9900990099009901
phlag_0010-c_min9max81	1750	0	16	234	0.125	0.804
phlag_0010-c_min9max81	1500	0	500	0	0.25	0.6
phlag_0010-c_min9max81	1334	41	75	550	0.3125	0.8016
phlag_0010-c_min9max81	1812	63	0	125	0.0625	0.808
phlag_0010-c_min9max81	1798	0	0	202	0.101	0.9900990099009901
phlag_0010-c_min9max81	87	1247	495	171	0.333	0.6006006006006006
phlag_0010-c_min9max81	1667	0	333	0	0.1665	0.6006006006006006
phlag_0010-c_min9max81	1089	78	113	720	0.4165	0.6002400960384153
phlag_0010-c_min9max81	1115	219	42	624	0.333	0.6006006006006006
phlag_0010-c_min9max81	1000	0	1000	0	0.5	0.6
phlag_0010-c_min9max81	1821	13	1	165	0.083	0.6024096385542168
phlag_0010-c_min9max81	1896	3	0	101	0.0505	0.9900990099009901
phlag_0010-c_min9max81	1000	0	72	928	0.5	0.6
phlag_0010-c_min9max81	1471	24	0	505	0.2525	0.9900990099009901
phlag_0010-c_min9max81	1487	13	50	450	0.25	0.6
phlag_0010-c_min9max81	1596	0	0	404	0.202	0.9900990099009901
phlag_0010-c_min9max81	1834	0	166	0	0.083	0.6024096385542168
phlag_0010-c_min9max81	1697	0	303	0	0.1515	0.9900990099009901
phlag_0010-c_min9max81	1402	98	4	496	0.25	0.6
phlag_0010-c_min9max81	768	232	121	879	0.5	0.6
phlag_0010-c_min9max81	1750	0	250	0	0.125	0.804
phlag_0010-c_min9max81	1500	0	500	0	0.25	0.6
phlag_0010-c_min9max81	1667	0	333	0	0.1665	0.6006006006006006
phlag_0010-c_min9max81	1082	418	350	150	0.25	0.6
phlag_0010-c_min9max81	1270	64	90	576	0.333	0.6006006006006006
phlag_0010-c_min9max81	1500	0	500	0	0.25	0.802
phlag_0010-c_min9max81	1246	421	17	316	0.1665	0.6006006006006006
phlag_0010-c_min9max81	25	975	965	35	0.5	0.6
phlag_0010-c_min9max81	1167	0	833	0	0.4165	0.6002400960384153
phlag_0010-c_min9max81	1228	267	1	504	0.2525	0.9900990099009901
phlag_0010-c_min9max81	1899	0	101	0	0.0505	0.9900990099009901
phlag_0010-c_min9max81	1855	44	0	101	0.0505	0.9900990099009901
phlag_0010-c_min9max81	1334	0	664	2	0.333	0.6006006006006006
phlag_0010-c_min9max81	1106	394	34	466	0.25	0.802
phlag_0010-c_min9max81	1033	765	29	173	0.101	0.9900990099009901
phlag_0010-c_min9max81	1209	125	22	644	0.333	0.6006006006006006
phlag_0010-c_min9max81	136	1359	502	3	0.2525	0.9900990099009901
phlag_0010-c_min9max81	1222	29	38	711	0.3745	0.801068090787717
phlag_0010-c_min9max81	1591	5	0	404	0.202	0.9900990099009901
phlag_0010-c_min9max81	1697	0	0	303	0.1515	0.9900990099009901
phlag_0010-c_min9max81	1241	10	68	681	0.3745	0.801068090787717
phlag_0010-c_min9max81	949	748	22	281	0.1515	0.9900990099009901
phlag_0010-c_min9max81	1251	0	749	0	0.3745	0.801068090787717
phlag_0010-c_min9max81	1250	1	0	749	0.3745	0.801068090787717
phlag_0010-c_min9max81	1832	2	10	156	0.083	0.6024096385542168
phlag_0010-c_min9max81	1659	38	0	303	0.1515	0.9900990099009901
phlag_0010-c_min9max81	1798	0	202	0	0.101	0.9900990099009901
phlag_0010-c_min9max81	1553	43	0	404	0.202	0.9900990099009901
phlag_0010-c_min9max81	1302	32	4	662	0.333	0.6006006006006006
phlag_0010-c_min9max81	1625	1	11	363	0.187	0.8021390374331551
phlag_0010-c_min9max81	1484	11	0	505	0.2525	0.9900990099009901
phlag_0010-c_min9max81	912	255	93	740	0.4165	0.6002400960384153
phlag_0010-c_min9max81	1494	1	0	505	0.2525	0.9900990099009901
phlag_0010-c_min9max81	1244	256	23	477	0.25	0.802
phlag_0010-c_min9max81	1626	0	374	0	0.187	0.8021390374331551
phlag_0010-c_min9max81	1000	0	1000	0	0.5	0.6
phlag_0010-c_min9max81	1596	0	404	0	0.202	0.9900990099009901
phlag_0010-c_min9max81	1596	0	0	404	0.202	0.9900990099009901
phlag_0010-c_min9max81	1798	0	116	86	0.101	0.9900990099009901
phlag_0010-c_min9max81	1596	0	0	404	0.202	0.9900990099009901
phlag_0010-c_min9max81	958	436	0	606	0.303	0.9900990099009901
phlag_0010-c_min9max81	1875	0	125	0	0.0625	0.808
phlag_0010-c_min9max81	1697	0	303	0	0.1515	0.9900990099009901
phlag_0010-c_min9max81	1845	30	0	125	0.0625	0.808
phlag_0010-c_min9max81	1375	0	625	0	0.3125	0.8016
phlag_0010-c_min9max81	1798	0	202	0	0.101	0.9900990099009901
phlag_0010-c_min9max81	1167	0	48	785	0.4165	0.6002400960384153
phlag_0010-c_min9max81	1500	0	379	121	0.25	0.6
phlag_0010-c_min9max81	1596	0	0	404	0.202	0.9900990099009901
phlag_0010-c_min9max81	1270	528	0	202	0.101	0.9900990099009901
phlag_0010-c_min9max81	1798	0	0	202	0.101	0.9900990099009901
phlag_0010-c_min9max81	1749	1	64	186	0.125	0.804
phlag_0010-c_min9max81	1833	1	1	165	0.083	0.6024096385542168
phlag_0010-c_min9max81	1220	406	19	355	0.187	0.8021390374331551
phlag_0010-c_min9max81	1500	0	500	0	0.25	0.6
phlag_0010-c_min9max81	1259	491	18	232	0.125	0.804
phlag_0010-c_min9max81	1656	11	1	332	0.1665	0.6006006006006006
phlag_0010-c_min9max81	1834	65	0	101	0.0505	0.9900990099009901
phlag_0010-c_min9max81	1494	1	0	505	0.2525	0.9900990099009901
phlag_0010-c_min9max81	1564	32	0	404	0.202	0.9900990099009901
phlag_0010-c_min9max81	984	766	0	250	0.125	0.804
phlag_0010-c_min9max81	726	441	228	605	0.4165	0.6002400960384153
phlag_0010-c_min9max81	1000	0	848	152	0.5	0.6
phlag_0010-c_min9max81	139	1236	582	43	0.3125	0.8016
phlag_0010-c_min9max81	1164	87	101	648	0.3745	0.801068090787717
phlag_0010-c_min9max81	1498	2	494	6	0.25	0.6
phlag_0010-c_min9max81	1796	2	0	202	0.101	0.9900990099009901
phlag_0010-c_min9max81	1771	27	0	202	0.101	0.9900990099009901
phlag_0010-c_min9max81	1394	0	0	606	0.303	0.9900990099009901
phlag_0010-c_min9max81	1389	5	0	606	0.303	0.9900990099009901
phlag_0010-c_min9max81	1480	20	46	454	0.25	0.6
phlag_0010-c_min9max81	1254	80	52	614	0.333	0.6006006006006006
phlag_0010-c_min9max81	94	1502	403	1	0.202	0.9900990099009901
phlag_0010-c_min9max81	1321	73	5	601	0.303	0.9900990099009901
phlag_0010-c_min9max81	1500	0	18	482	0.25	0.802
phlag_0010-c_min9max81	1489	309	0	202	0.101	0.9900990099009901
phlag_0010-c_min9max81	1899	0	0	101	0.0505	0.9900990099009901
phlag_0010-c_min9max81	72	1428	466	34	0.25	0.802
phlag_0010-c_min9max81	107	1388	493	12	0.2525	0.9900990099009901
phlag_0010-c_min9max81	1489	6	0	505	0.2525	0.9900990099009901
phlag_0010-c_min9max81	1111	223	234	432	0.333	0.6006006006006006
phlag_0010-c_min9max81	1425	450	2	123	0.0625	0.808
phlag_0010-c_min9max81	1899	0	0	101	0.0505	0.9900990099009901
phlag_0010-c_min9max81	1798	0	202	0	0.101	0.9900990099009901
phlag_0010-c_min9max81	1000	0	1000	0	0.5	0.6
phlag_0010-c_min9max81	920	455	403	222	0.3125	0.8016
phlag_0010-c_min9max81	1500	0	500	0	0.25	0.802
phlag_0010-c_min9max81	1481	14	2	503	0.2525	0.9900990099009901
phlag_0010-c_min9max81	1873	2	2	123	0.0625	0.808
phlag_0010-c_min9max81	1000	0	1000	0	0.5	0.6
phlag_0010-c_min9max81	1596	303	0	101	0.0505	0.9900990099009901
phlag_0010-c_min9max81	1751	124	0	125	0.0625	0.808
phlag_0010-c_min9max81	4	1622	364	10	0.187	0.8021390374331551
phlag_0010-c_min9max81	1495	0	505	0	0.2525	0.9900990099009901
phlag_0010-c_min9max81	1375	0	6	619	0.3125	0.8016
phlag_0010-c_min9max81	1454	46	0	500	0.25	0.802
phlag_0010-c_min9max81	1061	439	330	170	0.25	0.802
phlag_0010-c_min9max81	1564	62	14	360	0.187	0.8021390374331551
phlag_0010-c_min9max81	1666	1	0	333	0.1665	0.6006006006006006
phlag_0010-c_min9max81	1238	137	74	551	0.3125	0.8016
phlag_0010-c_min9max81	1899	0	0	101	0.0505	0.9900990099009901
phlag_0010-c_min9max81	1772	26	0	202	0.101	0.9900990099009901
phlag_0010-c_min9max81	1201	299	23	477	0.25	0.6
phlag_0010-c_min9max81	1334	0	666	0	0.333	0.6006006006006006
phlag_0010-c_min9max81	1500	0	499	1	0.25	0.802
phlag_0010-c_min9max81	1500	0	4	496	0.25	0.802
phlag_0010-c_min9max81	1332	2	36	630	0.333	0.6006006006006006
phlag_0010-c_min9max81	1542	256	0	202	0.101	0.9900990099009901
phlag_0010-c_min9max81	1389	5	0	606	0.303	0.9900990099009901
phlag_0010-c_min9max81	1365	10	2	623	0.3125	0.8016
phlag_0010-c_min9max81	1750	0	250	0	0.125	0.804
phlag_0010-c_min9max81	1626	0	374	0	0.187	0.8021390374331551
phlag_0010-c_min9max81	1476	24	2	498	0.25	0.802
phlag_0010-c_min9max81	639	361	838	162	0.5	0.6
phlag_0010-c_min9max81	1596	0	0	404	0.202	0.9900990099009901
phlag_0010-c_min9max81	1158	9	292	541	0.4165	0.6002400960384153
phlag_0010-c_min9max81	1697	0	303	0	0.1515	0.9900990099009901
phlag_0010-c_min9max81	1251	0	82	667	0.3745	0.801068090787717
phlag_0010-c_min9max81	1643	24	39	294	0.1665	0.6006006006006006
phlag_0010-c_min9max81	1532	302	3	163	0.083	0.6024096385542168
phlag_0010-c_min9max81	1491	9	476	24	0.25	0.6
phlag_0010-c_min9max81	1299	35	0	666	0.333	0.6006006006006006
phlag_0010-c_min9max81	1354	21	2	623	0.3125	0.8016
phlag_0010-c_min9max81	1578	18	0	404	0.202	0.9900990099009901
phlag_0010-c_min9max81	1390	4	0	606	0.303	0.9900990099009901
phlag_0010-c_min9max81	1251	0	17	732	0.3745	0.801068090787717
phlag_0010-c_min9max81	111	889	416	584	0.5	0.6
phlag_0010-c_min9max81	1500	0	76	424	0.25	0.6
phlag_0010-c_min9max81	475	1323	202	0	0.101	0.9900990099009901
phlag_0010-c_min9max81	89	1162	692	57	0.3745	0.801068090787717
phlag_0010-c_min9max81	1899	0	101	0	0.0505	0.9900990099009901
phlag_0010-c_min9max81	1750	0	250	0	0.125	0.804
phlag_0010-c_min9max81	1118	49	272	561	0.4165	0.6002400960384153
phlag_0010-c_min9max81	1667	0	30	303	0.1665	0.6006006006006006
phlag_0010-c_min9max81	1375	0	625	0	0.3125	0.8016
phlag_0010-c_min9max81	1500	0	8	492	0.25	0.802
phlag_0010-c_min9max81	1060	440	344	156	0.25	0.802
phlag_0010-c_min9max81	1750	0	250	0	0.125	0.804
phlag_0010-c_min9max81	1394	0	1	605	0.303	0.9900990099009901
phlag_0010-c_min9max81	1167	0	833	0	0.4165	0.6002400960384153
phlag_0010-c_min9max81	1875	0	125	0	0.0625	0.808
phlag_0010-c_min9max81	1057	194	250	499	0.3745	0.801068090787717
phlag_0010-c_min9max81	1814	20	0	166	0.083	0.6024096385542168
phlag_0010-c_min9max81	1834	0	166	0	0.083	0.6024096385542168
phlag_0010-c_min9max81	1807	68	3	122	0.0625	0.808
phlag_0010-c_min9max81	1151	16	222	611	0.4165	0.6002400960384153
phlag_0010-c_min9max81	1898	1	0	101	0.0505	0.9900990099009901
phlag_0010-c_min9max81	617	383	627	373	0.5	0.6
phlag_0010-c_min9max81	1334	0	666	0	0.333	0.6006006006006006
phlag_0010-c_min9max81	1005	495	98	402	0.25	0.6
phlag_0010-c_min9max81	1657	10	2	331	0.1665	0.6006006006006006
phlag_0010-c_min9max81	1305	445	2	248	0.125	0.804
phlag_0010-c_min9max81	1875	0	0	125	0.0625	0.808
phlag_0010-c_min9max81	1358	17	84	541	0.3125	0.8016
phlag_0010-c_min9max81	1637	30	57	276	0.1665	0.6006006006006006
phlag_0010-c_min9max81	1159	437	1	403	0.202	0.9900990099009901
phlag_0010-c_min9max81	1500	0	500	0	0.25	0.6
phlag_0010-c_min9max81	1246	504	96	154	0.125	0.804
phlag_0010-c_min9max81	1394	0	0	606	0.303	0.9900990099009901
phlag_0010-c_min9max81	1899	0	49	52	0.0505	0.9900990099009901
phlag_0010-c_min9max81	1483	12	0	505	0.2525	0.9900990099009901
phlag_0010-c_min9max81	1899	0	101	0	0.0505	0.9900990099009901
phlag_0010-c_min9max81	1838	61	0	101	0.0505	0.9900990099009901
phlag_0010-c_min9max81	1385	490	7	118	0.0625	0.808
phlag_0010-c_min9max81	1771	27	0	202	0.101	0.9900990099009901
phlag_0010-c_min9max81	1334	0	666	0	0.333	0.6006006006006006
phlag_0010-c_min9max81	1167	0	833	0	0.4165	0.6002400960384153
phlag_0010-c_min9max81	1619	48	20	313	0.1665	0.6006006006006006
phlag_0010-c_min9max81	1594	281	0	125	0.0625	0.808
phlag_0010-c_min9max81	1626	0	0	374	0.187	0.8021390374331551
phlag_0010-c_min9max81	1465	35	131	369	0.25	0.6
phlag_0010-c_min9max81	1271	355	41	333	0.187	0.8021390374331551
phlag_0010-c_min9max81	1834	0	166	0	0.083	0.6024096385542168
phlag_0010-c_min9max81	1284	550	100	66	0.083	0.6024096385542168
phlag_0010-c_min9max81	1500	0	500	0	0.25	0.802
phlag_0010-c_min9max81	1000	0	1000	0	0.5	0.6
phlag_0010-c_min9max81	1500	0	2	498	0.25	0.802
phlag_0010-c_min9max81	1798	0	202	0	0.101	0.9900990099009901
phlag_0010-c_min9max81	1273	626	9	92	0.0505	0.9900990099009901
phlag_0010-c_min9max81	1542	155	0	303	0.1515	0.9900990099009901
phlag_0010-c_min9max81	1374	1	13	612	0.3125	0.8016
phlag_0010-c_min9max81	1359	141	38	462	0.25	0.6
phlag_0010-c_min9max81	1562	236	2	200	0.101	0.9900990099009901
phlag_0010-c_min9max81	1750	0	0	250	0.125	0.804
phlag_0010-c_min9max81	1000	0	1000	0	0.5	0.6
phlag_0010-c_min9max81	1157	94	8	741	0.3745	0.801068090787717
phlag_0010-c_min9max81	1251	0	749	0	0.3745	0.801068090787717
phlag_0010-c_min9max81	1526	141	115	218	0.1665	0.6006006006006006
phlag_0010-c_min9max81	1535	299	15	151	0.083	0.6024096385542168
phlag_0010-c_min9max81	1167	0	833	0	0.4165	0.6002400960384153
phlag_0010-c_min9max81	880	514	398	208	0.303	0.9900990099009901
phlag_0010-c_min9max81	1596	0	0	404	0.202	0.9900990099009901
phlag_0010-c_min9max81	1362	13	21	604	0.3125	0.8016
phlag_0010-c_min9max81	1500	0	496	4	0.25	0.6
phlag_0010-c_min9max81	1232	19	33	716	0.3745	0.801068090787717
phlag_0010-c_min9max81	1794	4	0	202	0.101	0.9900990099009901
phlag_0010-c_min9max81	1361	235	0	404	0.202	0.9900990099009901
phlag_0010-c_min9max81	1840	35	0	125	0.0625	0.808
phlag_0010-c_min9max81	1476	19	1	504	0.2525	0.9900990099009901
phlag_0010-c_min9max81	1699	135	8	158	0.083	0.6024096385542168
phlag_0010-c_min9max81	1509	117	6	368	0.187	0.8021390374331551
phlag_0010-c_min9max81	1750	0	250	0	0.125	0.804
phlag_0010-c_min9max81	1500	0	500	0	0.25	0.802
phlag_0010-c_min9max81	1592	34	0	374	0.187	0.8021390374331551
phlag_0010-c_min9max81	1138	29	91	742	0.4165	0.6002400960384153
phlag_0010-c_min9max81	1347	153	38	462	0.25	0.6
phlag_0010-c_min9max81	1251	0	3	746	0.3745	0.801068090787717
phlag_0010-c_min9max81	1334	0	666	0	0.333	0.6006006006006006
phlag_0010-c_min9max81	1871	4	0	125	0.0625	0.808
phlag_0010-c_min9max81	1238	262	170	330	0.25	0.6
phlag_0010-c_min9max81	1626	0	374	0	0.187	0.8021390374331551
phlag_0010-c_min9max81	1626	0	365	9	0.187	0.8021390374331551
phlag_0010-c_min9max81	1393	1	0	606	0.303	0.9900990099009901
phlag_0010-c_min9max81	1226	25	54	695	0.3745	0.801068090787717
phlag_0010-c_min9max81	1339	156	505	0	0.2525	0.9900990099009901
phlag_0010-c_min9max81	926	74	198	802	0.5	0.6
phlag_0010-c_min9max81	1795	3	0	202	0.101	0.9900990099009901
phlag_0010-c_min9max81	574	426	40	960	0.5	0.6
phlag_0010-c_min9max81	1494	1	0	505	0.2525	0.9900990099009901
phlag_0010-c_min9max81	1208	590	3	199	0.101	0.9900990099009901
phlag_0010-c_min9max81	1375	0	625	0	0.3125	0.8016
phlag_0010-c_min9max81	1044	350	2	604	0.303	0.9900990099009901
phlag_0010-c_min9max81	1376	499	60	65	0.0625	0.808
phlag_0010-c_min9max81	1667	0	333	0	0.1665	0.6006006006006006
phlag_0010-c_min9max81	988	512	346	154	0.25	0.802
phlag_0010-c_min9max81	1660	138	0	202	0.101	0.9900990099009901
phlag_0010-c_min9max81	1157	10	2	831	0.4165	0.6002400960384153
phlag_0010-c_min9max81	1251	0	749	0	0.3745	0.801068090787717
phlag_0010-c_min9max81	1330	4	666	0	0.333	0.6006006006006006
phlag_0010-c_min9max81	15	1236	617	132	0.3745	0.801068090787717
phlag_0010-c_min9max81	1361	14	6	619	0.3125	0.8016
phlag_0010-c_min9max81	283	717	796	204	0.5	0.6
phlag_0010-c_min9max81	1500	0	11	489	0.25	0.802
phlag_0010-c_min9max81	1715	35	0	250	0.125	0.804
phlag_0010-c_min9max81	1861	14	6	119	0.0625	0.808
phlag_0010-c_min9max81	1394	0	0	606	0.303	0.9900990099009901
phlag_0010-c_min9max81	1596	0	0	404	0.202	0.9900990099009901
phlag_0010-c_min9max81	1625	1	0	374	0.187	0.8021390374331551
phlag_0010-c_min9max81	1499	1	0	500	0.25	0.802
phlag_0010-c_min9max81	1626	0	0	374	0.187	0.8021390374331551
phlag_0010-c_min9max81	1322	12	411	255	0.333	0.6006006006006006
phlag_0010-c_min9max81	1798	0	0	202	0.101	0.9900990099009901
phlag_0010-c_min9max81	1488	7	0	505	0.2525	0.9900990099009901
phlag_0010-c_min9max81	1355	479	55	111	0.083	0.6024096385542168
phlag_0010-c_min9max81	1834	0	13	153	0.083	0.6024096385542168
phlag_0010-c_min9max81	940	227	283	550	0.4165	0.6002400960384153
phlag_0010-c_min9max81	1167	0	833	0	0.4165	0.6002400960384153
phlag_0010-c_min9max81	1614	53	10	323	0.1665	0.6006006006006006
phlag_0010-c_min9max81	1667	0	333	0	0.1665	0.6006006006006006
phlag_0010-c_min9max81	1555	142	0	303	0.1515	0.9900990099009901
phlag_0010-c_min9max81	1407	88	0	505	0.2525	0.9900990099009901
phlag_0010-c_min9max81	1798	0	202	0	0.101	0.9900990099009901
phlag_0010-c_min9max81	1495	0	505	0	0.2525	0.9900990099009901
phlag_0010-c_min9max81	1319	15	198	468	0.333	0.6006006006006006
phlag_0010-c_min9max81	1852	47	0	101	0.0505	0.9900990099009901
phlag_0010-c_min9max81	1464	36	2	498	0.25	0.802
phlag_0010-c_min9max81	1166	209	6	619	0.3125	0.8016
phlag_0010-c_min9max81	562	832	599	7	0.303	0.9900990099009901
phlag_0010-c_min9max81	1500	0	500	0	0.25	0.802
phlag_0010-c_min9max81	100	1234	365	301	0.333	0.6006006006006006
phlag_0010-c_min9max81	1381	316	1	302	0.1515	0.9900990099009901
phlag_0010-c_min9max81	1500	0	500	0	0.25	0.802
phlag_0010-c_min9max81	955	712	160	173	0.1665	0.6006006006006006
phlag_0010-c_min9max81	992	8	159	841	0.5	0.6
phlag_0010-c_min9max81	70	930	717	283	0.5	0.6
phlag_0010-c_min9max81	1697	0	303	0	0.1515	0.9900990099009901
phlag_0010-c_min9max81	334	666	503	497	0.5	0.6
phlag_0010-c_min9max81	1251	0	472	277	0.3745	0.801068090787717
phlag_0010-c_min9max81	1868	7	0	125	0.0625	0.808
phlag_0010-c_min9max81	14	1612	363	11	0.187	0.8021390374331551
phlag_0010-c_min9max81	1167	0	833	0	0.4165	0.6002400960384153
phlag_0010-c_min9max81	1276	99	9	616	0.3125	0.8016
phlag_0010-c_min9max81	1727	23	1	249	0.125	0.804
phlag_0010-c_min9max81	1750	0	0	250	0.125	0.804
phlag_0010-c_min9max81	1394	0	0	606	0.303	0.9900990099009901
phlag_0010-c_min9max81	1329	5	66	600	0.333	0.6006006006006006
phlag_0010-c_min9max81	1350	150	123	377	0.25	0.6
phlag_0010-c_min9max81	1121	46	202	631	0.4165	0.6002400960384153
phlag_0010-c_min9max81	1394	0	606	0	0.303	0.9900990099009901
phlag_0010-c_min9max81	1624	2	43	331	0.187	0.8021390374331551
phlag_0010-c_min9max81	1823	52	2	123	0.0625	0.808
phlag_0010-c_min9max81	1027	723	143	107	0.125	0.804
phlag_0010-c_min9max81	1167	0	833	0	0.4165	0.6002400960384153
phlag_0010-c_min9max81	1500	0	500	0	0.25	0.802
phlag_0010-c_min9max81	986	14	973	27	0.5	0.6
phlag_0010-c_min9max81	1596	0	404	0	0.202	0.9900990099009901
phlag_0010-c_min9max81	1375	0	625	0	0.3125	0.8016
phlag_0010-c_min9max81	1496	4	8	492	0.25	0.802
phlag_0010-c_min9max81	1167	0	833	0	0.4165	0.6002400960384153
phlag_0010-c_min9max81	1596	0	404	0	0.202	0.9900990099009901
phlag_0010-c_min9max81	1141	359	16	484	0.25	0.802
phlag_0010-c_min9max81	1251	0	1	748	0.3745	0.801068090787717
phlag_0010-c_min9max81	1503	123	0	374	0.187	0.8021390374331551
phlag_0010-c_min9max81	1500	0	13	487	0.25	0.802
phlag_0010-c_min9max81	1697	0	1	302	0.1515	0.9900990099009901
phlag_0010-c_min9max81	1747	3	1	249	0.125	0.804
phlag_0010-c_min9max81	1603	23	16	358	0.187	0.8021390374331551
phlag_0010-c_min9max81	1000	0	7	993	0.5	0.6
phlag_0010-c_min9max81	1478	272	38	212	0.125	0.804
phlag_0010-c_min9max81	1626	0	0	374	0.187	0.8021390374331551
phlag_0010-c_min9max81	1251	0	8	741	0.3745	0.801068090787717
phlag_0010-c_min9max81	728	523	225	524	0.3745	0.801068090787717
phlag_0010-c_min9max81	1872	27	0	101	0.0505	0.9900990099009901
phlag_0010-c_min9max81	1055	571	57	317	0.187	0.8021390374331551
phlag_0010-c_min9max81	1834	0	166	0	0.083	0.6024096385542168
phlag_0010-c_min9max81	1500	0	0	500	0.25	0.802
phlag_0010-c_min9max81	910	424	43	623	0.333	0.6006006006006006
phlag_0010-c_min9max81	1565	334	0	101	0.0505	0.9900990099009901
phlag_0010-c_min9max81	1375	0	516	109	0.3125	0.8016
phlag_0010-c_min9max81	1798	0	16	186	0.101	0.9900990099009901
phlag_0010-c_min9max81	1000	0	102	898	0.5	0.6
phlag_0010-c_min9max81	1612	14	0	374	0.187	0.8021390374331551
phlag_0010-c_min9max81	1325	574	4	97	0.0505	0.9900990099009901
phlag_0010-c_min9max81	1251	0	749	0	0.3745	0.801068090787717
phlag_0010-c_min9max81	1750	0	1	249	0.125	0.804
phlag_0010-c_min9max81	1488	7	0	505	0.2525	0.9900990099009901
phlag_0010-c_min9max81	1167	0	826	7	0.4165	0.6002400960384153
phlag_0010-c_min9max81	1251	0	557	192	0.3745	0.801068090787717
phlag_0010-c_min9max81	991	9	62	938	0.5	0.6
phlag_0010-c_min9max81	1374	252	80	294	0.187	0.8021390374331551
phlag_0010-c_min9max81	1596	0	404	0	0.202	0.9900990099009901
phlag_0010-c_min9max81	1375	0	23	602	0.3125	0.8016
phlag_0010-c_min9max81	1251	0	16	733	0.3745	0.801068090787717
phlag_0010-c_min9max81	1899	0	101	0	0.0505	0.9900990099009901
phlag_0010-c_min9max81	1334	0	666	0	0.333	0.6006006006006006
phlag_0010-c_min9max81	1334	0	28	638	0.333	0.6006006006006006
phlag_0010-c_min9max81	1874	1	0	125	0.0625	0.808
phlag_0010-c_min9max81	1500	0	2	498	0.25	0.6
phlag_0010-c_min9max81	1199	635	70	96	0.083	0.6024096385542168
phlag_0010-c_min9max81	1318	16	56	610	0.333	0.6006006006006006
phlag_0010-c_min9max81	1834	0	166	0	0.083	0.6024096385542168
phlag_0010-c_min9max81	1036	714	41	209	0.125	0.804
phlag_0010-c_min9max81	1750	0	250	0	0.125	0.804
phlag_0010-c_min9max81	1778	20	193	9	0.101	0.9900990099009901
phlag_0010-c_min9max81	1756	42	0	202	0.101	0.9900990099009901
phlag_0010-c_min9max81	1487	8	0	505	0.2525	0.9900990099009901
phlag_0010-c_min9max81	1500	0	500	0	0.25	0.802
phlag_0010-c_min9max81	1697	0	1	302	0.1515	0.9900990099009901
phlag_0010-c_min9max81	1654	13	54	279	0.1665	0.6006006006006006
phlag_0010-c_min9max81	1372	3	7	618	0.3125	0.8016
phlag_0010-c_min9max81	1529	67	0	404	0.202	0.9900990099009901
phlag_0010-c_min9max81	1495	0	332	173	0.2525	0.9900990099009901
phlag_0010-c_min9max81	1899	0	101	0	0.0505	0.9900990099009901
phlag_0010-c_min9max81	1167	0	833	0	0.4165	0.6002400960384153
phlag_0010-c_min9max81	1431	236	163	170	0.1665	0.6006006006006006
phlag_0010-c_min9max81	1500	0	500	0	0.25	0.802
phlag_0010-c_min9max81	1834	0	166	0	0.083	0.6024096385542168
phlag_0010-c_min9max81	1084	512	2	402	0.202	0.9900990099009901
phlag_0010-c_min9max81	1798	0	114	88	0.101	0.9900990099009901
phlag_0010-c_min9max81	1368	7	4	621	0.3125	0.8016
phlag_0010-c_min9max81	1167	0	833	0	0.4165	0.6002400960384153
phlag_0010-c_min9max81	1282	52	76	590	0.333	0.6006006006006006
phlag_0010-c_min9max81	1572	24	1	403	0.202	0.9900990099009901
phlag_0010-c_min9max81	1167	0	140	693	0.4165	0.6002400960384153
phlag_0010-c_min9max81	1492	3	3	502	0.2525	0.9900990099009901
phlag_0010-c_min9max81	1394	0	0	606	0.303	0.9900990099009901
phlag_0010-c_min9max81	7	1488	505	0	0.2525	0.9900990099009901
phlag_0010-c_min9max81	1750	0	212	38	0.125	0.804
phlag_0010-c_min9max81	1394	0	0	606	0.303	0.9900990099009901
phlag_0010-c_min9max81	1500	0	1	499	0.25	0.6
phlag_0010-c_min9max81	1494	1	0	505	0.2525	0.9900990099009901
phlag_0010-c_min9max81	0	1596	404	0	0.202	0.9900990099009901
phlag_0010-c_min9max81	310	1084	606	0	0.303	0.9900990099009901
phlag_0010-c_min9max81	1375	0	625	0	0.3125	0.8016
phlag_0010-c_min9max81	1875	0	125	0	0.0625	0.808
phlag_0010-c_min9max81	1035	460	143	362	0.2525	0.9900990099009901
phlag_0010-c_min9max81	1687	63	6	244	0.125	0.804
phlag_0010-c_min9max81	1834	0	166	0	0.083	0.6024096385542168
phlag_0010-c_min9max81	1167	0	42	791	0.4165	0.6002400960384153
phlag_0010-c_min9max81	1596	0	0	404	0.202	0.9900990099009901
phlag_0010-c_min9max81	1160	7	31	802	0.4165	0.6002400960384153
phlag_0010-c_min9max81	742	258	612	388	0.5	0.6
phlag_0010-c_min9max81	1375	0	8	617	0.3125	0.8016
phlag_0010-c_min9max81	1379	121	22	478	0.25	0.802
phlag_0010-c_min9max81	0	1000	857	143	0.5	0.6
phlag_0010-c_min9max81	1588	8	0	404	0.202	0.9900990099009901
phlag_0010-c_min9max81	1619	7	3	371	0.187	0.8021390374331551
phlag_0010-c_min9max81	1825	9	3	163	0.083	0.6024096385542168
phlag_0010-c_min9max81	1167	0	2	831	0.4165	0.6002400960384153
phlag_0010-c_min9max81	1361	134	4	501	0.2525	0.9900990099009901
phlag_0010-c_min9max81	999	1	126	874	0.5	0.6
phlag_0010-c_min9max81	1500	0	0	500	0.25	0.6
phlag_0010-c_min9max81	1667	0	333	0	0.1665	0.6006006006006006
phlag_0010-c_min9max81	1492	8	0	500	0.25	0.6
phlag_0010-c_min9max81	1375	0	625	0	0.3125	0.8016
phlag_0010-c_min9max81	1000	0	1000	0	0.5	0.6
phlag_0010-c_min9max81	1282	385	285	48	0.1665	0.6006006006006006
phlag_0010-c_min9max81	1087	408	1	504	0.2525	0.9900990099009901
phlag_0010-c_min9max81	1383	243	8	366	0.187	0.8021390374331551
phlag_0010-c_min9max81	1834	0	132	34	0.083	0.6024096385542168
phlag_0010-c_min9max81	1869	6	0	125	0.0625	0.808
phlag_0010-c_min9max81	1667	0	35	298	0.1665	0.6006006006006006
phlag_0010-c_min9max81	1375	0	625	0	0.3125	0.8016
phlag_0010-c_min9max81	1543	332	0	125	0.0625	0.808
phlag_0010-c_min9max81	1491	9	8	492	0.25	0.6
phlag_0010-c_min9max81	1375	0	15	610	0.3125	0.8016
phlag_0010-c_min9max81	1127	499	38	336	0.187	0.8021390374331551
phlag_0010-c_min9max81	1364	511	27	98	0.0625	0.808
phlag_0010-c_min9max81	1492	3	0	505	0.2525	0.9900990099009901
phlag_0010-c_min9max81	1375	0	0	625	0.3125	0.8016
phlag_0010-c_min9max81	1495	0	505	0	0.2525	0.9900990099009901
phlag_0010-c_min9max81	1741	158	0	101	0.0505	0.9900990099009901
phlag_0010-c_min9max81	1530	66	0	404	0.202	0.9900990099009901
phlag_0010-c_min9max81	1834	0	141	25	0.083	0.6024096385542168
phlag_0010-c_min9max81	1331	3	9	657	0.333	0.6006006006006006
phlag_0010-c_min9max81	1820	14	0	166	0.083	0.6024096385542168
phlag_0010-c_min9max81	1394	106	119	381	0.25	0.802
phlag_0010-c_min9max81	1834	0	166	0	0.083	0.6024096385542168
phlag_0010-c_min9max81	1702	48	12	238	0.125	0.804
phlag_0010-c_min9max81	1221	30	6	743	0.3745	0.801068090787717
phlag_0010-c_min9max81	1566	101	41	292	0.1665	0.6006006006006006
phlag_0010-c_min9max81	1626	0	10	364	0.187	0.8021390374331551
phlag_0010-c_min9max81	1498	2	500	0	0.25	0.6
phlag_0010-c_min9max81	1498	2	500	0	0.25	0.6
phlag_0010-c_min9max81	1281	517	55	147	0.101	0.9900990099009901
phlag_0010-c_min9max81	1334	0	666	0	0.333	0.6006006006006006
phlag_0010-c_min9max81	1552	44	1	403	0.202	0.9900990099009901
phlag_0010-c_min9max81	1244	7	0	749	0.3745	0.801068090787717
phlag_0010-c_min9max81	1596	0	404	0	0.202	0.9900990099009901
phlag_0010-c_min9max81	1495	0	502	3	0.2525	0.9900990099009901
phlag_0010-c_min9max81	1750	0	250	0	0.125	0.804
phlag_0010-c_min9max81	1500	0	500	0	0.25	0.6
phlag_0010-c_min9max81	1334	0	666	0	0.333	0.6006006006006006
phlag_0010-c_min9max81	610	885	505	0	0.2525	0.9900990099009901
phlag_0010-c_min9max81	1495	0	503	2	0.2525	0.9900990099009901
phlag_0010-c_min9max81	1899	0	101	0	0.0505	0.9900990099009901
phlag_0010-c_min9max81	1249	2	749	0	0.3745	0.801068090787717
phlag_0010-c_min9max81	987	347	276	390	0.333	0.6006006006006006
phlag_0010-c_min9max81	1000	0	435	565	0.5	0.6
phlag_0010-c_min9max81	1474	193	44	289	0.1665	0.6006006006006006
phlag_0010-c_min9max81	1249	2	1	748	0.3745	0.801068090787717
phlag_0010-c_min9max81	1000	0	1000	0	0.5	0.6
phlag_0010-c_min9max81	1687	10	0	303	0.1515	0.9900990099009901
phlag_0010-c_min9max81	969	406	454	171	0.3125	0.8016
phlag_0010-c_min9max81	1667	0	7	326	0.1665	0.6006006006006006
phlag_0010-c_min9max81	1369	6	0	625	0.3125	0.8016
phlag_0010-c_min9max81	726	1024	249	1	0.125	0.804
phlag_0010-c_min9max81	1800	75	0	125	0.0625	0.808
phlag_0010-c_min9max81	1365	10	14	611	0.3125	0.8016
phlag_0010-c_min9max81	1626	0	374	0	0.187	0.8021390374331551
phlag_0010-c_min9max81	1595	155	8	242	0.125	0.804
phlag_0010-c_min9max81	1875	0	125	0	0.0625	0.808
phlag_0010-c_min9max81	1500	0	485	15	0.25	0.6
phlag_0010-c_min9max81	1667	0	333	0	0.1665	0.6006006006006006
phlag_0010-c_min9max81	1636	31	45	288	0.1665	0.6006006006006006
phlag_0010-c_min9max81	1875	0	125	0	0.0625	0.808
phlag_0010-c_min9max81	1457	43	85	415	0.25	0.6
phlag_0010-c_min9max81	1256	244	10	490	0.25	0.6
phlag_0010-c_min9max81	1798	36	13	153	0.083	0.6024096385542168
phlag_0010-c_min9max81	807	527	346	320	0.333	0.6006006006006006
phlag_0010-c_min9max81	1898	1	0	101	0.0505	0.9900990099009901
phlag_0010-c_min9max81	1769	29	0	202	0.101	0.9900990099009901
phlag_0010-c_min9max81	1798	0	202	0	0.101	0.9900990099009901
phlag_0010-c_min9max81	1390	4	1	605	0.303	0.9900990099009901
phlag_0010-c_min9max81	1750	0	250	0	0.125	0.804
phlag_0010-c_min9max81	1494	1	2	503	0.2525	0.9900990099009901
phlag_0010-c_min9max81	934	66	903	97	0.5	0.6
phlag_0010-c_min9max81	1500	0	500	0	0.25	0.802
phlag_0010-c_min9max81	1207	490	0	303	0.1515	0.9900990099009901
phlag_0010-c_min9max81	979	617	213	191	0.202	0.9900990099009901
phlag_0010-c_min9max81	1167	0	74	759	0.4165	0.6002400960384153
phlag_0010-c_min9max81	614	553	833	0	0.4165	0.6002400960384153
phlag_0010-c_min9max81	1221	476	0	303	0.1515	0.9900990099009901
phlag_0010-c_min9max81	1334	0	666	0	0.333	0.6006006006006006
phlag_0010-c_min9max81	1712	38	14	236	0.125	0.804
phlag_0010-c_min9max81	1167	0	833	0	0.4165	0.6002400960384153
phlag_0010-c_min9max81	1596	0	404	0	0.202	0.9900990099009901
phlag_0010-c_min9max81	1387	7	0	606	0.303	0.9900990099009901
phlag_0010-c_min9max81	1872	3	0	125	0.0625	0.808
phlag_0010-c_min9max81	1251	0	749	0	0.3745	0.801068090787717
phlag_0010-c_min9max81	1584	12	0	404	0.202	0.9900990099009901
phlag_0010-c_min9max81	1729	21	4	246	0.125	0.804
phlag_0010-c_min9max81	1798	0	202	0	0.101	0.9900990099009901
phlag_0010-c_min9max81	1884	15	0	101	0.0505	0.9900990099009901
phlag_0010-c_min9max81	949	385	389	277	0.333	0.6006006006006006
phlag_0010-c_min9max81	1334	0	5	661	0.333	0.6006006006006006
phlag_0010-c_min9max81	1136	531	164	169	0.1665	0.6006006006006006
phlag_0010-c_min9max81	1595	1	0	404	0.202	0.9900990099009901
phlag_0010-c_min9max81	941	310	445	304	0.3745	0.801068090787717
phlag_0010-c_min9max81	1394	0	0	606	0.303	0.9900990099009901
phlag_0010-c_min9max81	1337	163	0	500	0.25	0.802
phlag_0010-c_min9max81	1626	0	374	0	0.187	0.8021390374331551
phlag_0010-c_min9max81	998	2	182	818	0.5	0.6
phlag_0010-c_min9max81	1250	1	741	8	0.3745	0.801068090787717
phlag_0010-c_min9max81	1396	438	23	143	0.083	0.6024096385542168
phlag_0010-c_min9max81	1798	0	0	202	0.101	0.9900990099009901
phlag_0010-c_min9max81	1691	6	0	303	0.1515	0.9900990099009901
phlag_0010-c_min9max81	1167	0	833	0	0.4165	0.6002400960384153
phlag_0010-c_min9max81	1569	306	0	125	0.0625	0.808
phlag_0010-c_min9max81	1030	345	18	607	0.3125	0.8016
phlag_0010-c_min9max81	1697	0	303	0	0.1515	0.9900990099009901
phlag_0010-c_min9max81	786	589	144	481	0.3125	0.8016
phlag_0010-c_min9max81	1494	1	0	505	0.2525	0.9900990099009901
phlag_0010-c_min9max81	1370	327	0	303	0.1515	0.9900990099009901
phlag_0010-c_min9max81	1685	12	0	303	0.1515	0.9900990099009901
phlag_0010-c_min9max81	1489	6	0	505	0.2525	0.9900990099009901
phlag_0010-c_min9max81	1875	0	107	18	0.0625	0.808
phlag_0010-c_min9max81	935	399	214	452	0.333	0.6006006006006006
phlag_0010-c_min9max81	1251	0	45	704	0.3745	0.801068090787717
phlag_0010-c_min9max81	1596	0	404	0	0.202	0.9900990099009901
phlag_0010-c_min9max81	1088	811	17	84	0.0505	0.9900990099009901
phlag_0010-c_min9max81	1834	0	166	0	0.083	0.6024096385542168
phlag_0010-c_min9max81	1750	0	250	0	0.125	0.804
phlag_0010-c_min9max81	805	362	167	666	0.4165	0.6002400960384153
phlag_0010-c_min9max81	1667	0	305	28	0.1665	0.6006006006006006
phlag_0010-c_min9max81	1899	0	101	0	0.0505	0.9900990099009901
phlag_0010-c_min9max81	1697	0	0	303	0.1515	0.9900990099009901
phlag_0010-c_min9max81	977	23	285	715	0.5	0.6
phlag_0010-c_min9max81	1495	131	16	358	0.187	0.8021390374331551
phlag_0010-c_min9max81	1499	1	5	495	0.25	0.802
phlag_0010-c_min9max81	1163	231	4	602	0.303	0.9900990099009901
phlag_0010-c_min9max81	1160	466	190	184	0.187	0.8021390374331551
phlag_0010-c_min9max81	1429	66	0	505	0.2525	0.9900990099009901
phlag_0010-c_min9max81	1834	0	166	0	0.083	0.6024096385542168
phlag_0010-c_min9max81	936	458	6	600	0.303	0.9900990099009901
phlag_0010-c_min9max81	1000	0	989	11	0.5	0.6
phlag_0010-c_min9max81	1875	0	125	0	0.0625	0.808
phlag_0010-c_min9max81	1167	0	833	0	0.4165	0.6002400960384153
phlag_0010-c_min9max81	1241	10	23	726	0.3745	0.801068090787717
phlag_0010-c_min9max81	1545	122	16	317	0.1665	0.6006006006006006
phlag_0010-c_min9max81	1141	556	69	234	0.1515	0.9900990099009901
phlag_0010-c_min9max81	1350	525	32	93	0.0625	0.808
phlag_0010-c_min9max81	1394	0	2	604	0.303	0.9900990099009901
phlag_0010-c_min9max81	1334	0	2	664	0.333	0.6006006006006006
phlag_0010-c_min9max81	1737	13	0	250	0.125	0.804
phlag_0010-c_min9max81	1621	5	0	374	0.187	0.8021390374331551
phlag_0010-c_min9max81	1697	0	303	0	0.1515	0.9900990099009901
phlag_0010-c_min9max81	1167	0	41	792	0.4165	0.6002400960384153
phlag_0010-c_min9max81	1371	23	0	606	0.303	0.9900990099009901
phlag_0010-c_min9max81	1390	4	0	606	0.303	0.9900990099009901
phlag_0010-c_min9max81	1394	0	606	0	0.303	0.9900990099009901
phlag_0010-c_min9max81	1667	0	333	0	0.1665	0.6006006006006006
phlag_0010-c_min9max81	1813	62	1	124	0.0625	0.808
phlag_0010-c_min9max81	50	1546	404	0	0.202	0.9900990099009901
phlag_0010-c_min9max81	1496	4	36	464	0.25	0.802
phlag_0010-c_min9max81	1334	0	666	0	0.333	0.6006006006006006
phlag_0010-c_min9max81	1170	164	666	0	0.333	0.6006006006006006
phlag_0010-c_min9max81	1167	0	833	0	0.4165	0.6002400960384153
phlag_0010-c_min9max81	1497	3	18	482	0.25	0.6
phlag_0010-c_min9max81	1500	0	500	0	0.25	0.6
phlag_0010-c_min9max81	868	132	226	774	0.5	0.6
phlag_0010-c_min9max81	1	1696	300	3	0.1515	0.9900990099009901
phlag_0010-c_min9max81	1702	132	0	166	0.083	0.6024096385542168
phlag_0010-c_min9max81	1495	0	1	504	0.2525	0.9900990099009901
phlag_0010-c_min9max81	1875	0	6	119	0.0625	0.808
phlag_0010-c_min9max81	941	310	24	725	0.3745	0.801068090787717
phlag_0010-c_min9max81	1710	40	0	250	0.125	0.804
phlag_0010-c_min9max81	1516	110	0	374	0.187	0.8021390374331551
phlag_0010-c_min9max81	1500	0	500	0	0.25	0.802
phlag_0010-c_min9max81	1897	2	0	101	0.0505	0.9900990099009901
phlag_0010-c_min9max81	1589	7	0	404	0.202	0.9900990099009901
phlag_0010-c_min9max81	1615	135	10	240	0.125	0.804
phlag_0010-c_min9max81	1832	2	164	2	0.083	0.6024096385542168
phlag_0010-c_min9max81	1481	353	60	106	0.083	0.6024096385542168
phlag_0010-c_min9max81	1697	0	303	0	0.1515	0.9900990099009901
phlag_0010-c_min9max81	1251	0	749	0	0.3745	0.801068090787717
phlag_0010-c_min9max81	1308	567	82	43	0.0625	0.808
phlag_0010-c_min9max81	1798	0	202	0	0.101	0.9900990099009901
phlag_0010-c_min9max81	1035	132	2	831	0.4165	0.6002400960384153
phlag_0010-c_min9max81	1798	0	202	0	0.101	0.9900990099009901
phlag_0010-c_min9max81	1695	2	0	303	0.1515	0.9900990099009901
phlag_0010-c_min9max81	1667	0	333	0	0.1665	0.6006006006006006
phlag_0010-c_min9max81	1485	15	490	10	0.25	0.6
phlag_0010-c_min9max81	1623	3	109	265	0.187	0.8021390374331551
phlag_0010-c_min9max81	1636	31	118	215	0.1665	0.6006006006006006
phlag_0010-c_min9max81	1251	0	749	0	0.3745	0.801068090787717
phlag_0010-c_min9max81	1750	0	250	0	0.125	0.804
phlag_0010-c_min9max81	1693	4	0	303	0.1515	0.9900990099009901
phlag_0010-c_min9max81	1804	95	0	101	0.0505	0.9900990099009901
phlag_0010-c_min9max81	1334	0	53	613	0.333	0.6006006006006006
phlag_0010-c_min9max81	1222	374	0	404	0.202	0.9900990099009901
phlag_0010-c_min9max81	1375	0	625	0	0.3125	0.8016
phlag_0010-c_min9max81	1594	2	0	404	0.202	0.9900990099009901
phlag_0010-c_min9max81	3	1372	596	29	0.3125	0.8016
phlag_0010-c_min9max81	1282	213	283	222	0.2525	0.9900990099009901
phlag_0010-c_min9max81	1875	0	125	0	0.0625	0.808
phlag_0010-c_min9max81	995	5	145	855	0.5	0.6
phlag_0010-c_min9max81	1586	313	0	101	0.0505	0.9900990099009901
phlag_0010-c_min9max81	1502	332	36	130	0.083	0.6024096385542168
phlag_0010-c_min9max81	1798	0	0	202	0.101	0.9900990099009901
phlag_0010-c_min9max81	1500	0	496	4	0.25	0.6
phlag_0010-c_min9max81	1697	0	0	303	0.1515	0.9900990099009901
phlag_0010-c_min9max81	1500	0	500	0	0.25	0.802
phlag_0010-c_min9max81	1875	0	125	0	0.0625	0.808
phlag_0010-c_min9max81	1251	0	25	724	0.3745	0.801068090787717
phlag_0010-c_min9max81	1533	164	4	299	0.1515	0.9900990099009901
phlag_0010-c_min9max81	1164	3	184	649	0.4165	0.6002400960384153
phlag_0010-c_min9max81	1745	53	0	202	0.101	0.9900990099009901
phlag_0010-c_min9max81	1000	0	3	997	0.5	0.6
phlag_0010-c_min9max81	1666	233	0	101	0.0505	0.9900990099009901
phlag_0010-c_min9max81	1573	53	76	298	0.187	0.8021390374331551
phlag_0010-c_min9max81	1140	27	57	776	0.4165	0.6002400960384153
phlag_0010-c_min9max81	1307	527	59	107	0.083	0.6024096385542168
phlag_0010-c_min9max81	1167	0	832	1	0.4165	0.6002400960384153
phlag_0010-c_min9max81	1626	0	374	0	0.187	0.8021390374331551
phlag_0010-c_min9max81	1697	0	0	303	0.1515	0.9900990099009901
phlag_0010-c_min9max81	1626	0	374	0	0.187	0.8021390374331551
phlag_0010-c_min9max81	1583	84	0	333	0.1665	0.6006006006006006
phlag_0010-c_min9max81	1632	202	0	166	0.083	0.6024096385542168
phlag_0010-c_min9max81	90	1304	606	0	0.303	0.9900990099009901
phlag_0010-c_min9max81	1750	0	250	0	0.125	0.804
phlag_0010-c_min9max81	1344	282	0	374	0.187	0.8021390374331551
phlag_0010-c_min9max81	1500	0	500	0	0.25	0.802
phlag_0010-c_min9max81	1000	0	334	666	0.5	0.6
phlag_0010-c_min9max81	979	21	78	922	0.5	0.6
phlag_0010-c_min9max81	1242	9	7	742	0.3745	0.801068090787717
phlag_0010-c_min9max81	1385	9	0	606	0.303	0.9900990099009901
phlag_0010-c_min9max81	794	457	299	450	0.3745	0.801068090787717
phlag_0010-c_min9max81	66	1328	604	2	0.303	0.9900990099009901
phlag_0010-c_min9max81	1697	0	303	0	0.1515	0.9900990099009901
phlag_0010-c_min9max81	1562	34	3	401	0.202	0.9900990099009901
phlag_0010-c_min9max81	1623	3	0	374	0.187	0.8021390374331551
phlag_0010-c_min9max81	1672	162	7	159	0.083	0.6024096385542168
phlag_0010-c_min9max81	1573	326	0	101	0.0505	0.9900990099009901
phlag_0010-c_min9max81	1833	66	0	101	0.0505	0.9900990099009901
phlag_0010-c_min9max81	1167	0	833	0	0.4165	0.6002400960384153
phlag_0010-c_min9max81	1096	279	42	583	0.3125	0.8016
phlag_0010-c_min9max81	53	1341	603	3	0.303	0.9900990099009901
phlag_0010-c_min9max81	1491	206	0	303	0.1515	0.9900990099009901
phlag_0010-c_min9max81	1334	0	666	0	0.333	0.6006006006006006
phlag_0010-c_min9max81	1893	6	0	101	0.0505	0.9900990099009901
phlag_0010-c_min9max81	1000	0	77	923	0.5	0.6
phlag_0010-c_min9max81	1165	169	109	557	0.333	0.6006006006006006
phlag_0010-c_min9max81	967	427	0	606	0.303	0.9900990099009901
phlag_0010-c_min9max81	1296	204	189	311	0.25	0.802
phlag_0010-c_min9max81	991	403	311	295	0.303	0.9900990099009901
phlag_0010-c_min9max81	1393	1	0	606	0.303	0.9900990099009901
phlag_0010-c_min9max81	1167	0	333	500	0.4165	0.6002400960384153
phlag_0010-c_min9max81	1778	56	93	73	0.083	0.6024096385542168
phlag_0010-c_min9max81	1393	1	0	606	0.303	0.9900990099009901
phlag_0010-c_min9max81	1596	0	0	404	0.202	0.9900990099009901
phlag_0010-c_min9max81	479	896	517	108	0.3125	0.8016
phlag_0010-c_min9max81	758	742	500	0	0.25	0.802
phlag_0010-c_min9max81	1667	0	0	333	0.1665	0.6006006006006006
phlag_0010-c_min9max81	1667	0	333	0	0.1665	0.6006006006006006
phlag_0010-c_min9max81	1623	3	4	370	0.187	0.8021390374331551
phlag_0010-c_min9max81	70	1305	611	14	0.3125	0.8016
phlag_0010-c_min9max81	1894	5	0	101	0.0505	0.9900990099009901
phlag_0010-c_min9max81	11	1240	701	48	0.3745	0.801068090787717
phlag_0010-c_min9max81	1772	26	0	202	0.101	0.9900990099009901
phlag_0010-c_min9max81	1496	4	4	496	0.25	0.802
phlag_0010-c_min9max81	1667	0	333	0	0.1665	0.6006006006006006
phlag_0010-c_min9max81	1853	46	0	101	0.0505	0.9900990099009901
phlag_0010-c_min9max81	1484	16	12	488	0.25	0.6
phlag_0010-c_min9max81	1750	0	250	0	0.125	0.804
phlag_0010-c_min9max81	1564	62	0	374	0.187	0.8021390374331551
phlag_0010-c_min9max81	1647	20	0	333	0.1665	0.6006006006006006
phlag_0010-c_min9max81	1422	376	0	202	0.101	0.9900990099009901
phlag_0010-c_min9max81	1680	70	4	246	0.125	0.804
phlag_0010-c_min9max81	1451	49	11	489	0.25	0.802
phlag_0010-c_min9max81	1472	23	0	505	0.2525	0.9900990099009901
phlag_0010-c_min9max81	41	1334	598	27	0.3125	0.8016
phlag_0010-c_min9max81	1579	47	8	366	0.187	0.8021390374331551
phlag_0010-c_min9max81	1820	55	0	125	0.0625	0.808
phlag_0010-c_min9max81	1450	146	0	404	0.202	0.9900990099009901
phlag_0010-c_min9max81	1375	0	3	622	0.3125	0.8016
phlag_0010-c_min9max81	1706	44	10	240	0.125	0.804
phlag_0010-c_min9max81	1251	0	749	0	0.3745	0.801068090787717
phlag_0010-c_min9max81	1373	21	1	605	0.303	0.9900990099009901
phlag_0010-c_min9max81	781	470	25	724	0.3745	0.801068090787717
phlag_0010-c_min9max81	1067	832	0	101	0.0505	0.9900990099009901
phlag_0010-c_min9max81	1667	0	333	0	0.1665	0.6006006006006006
phlag_0010-c_min9max81	1697	0	303	0	0.1515	0.9900990099009901
phlag_0010-c_min9max81	59	1192	722	27	0.3745	0.801068090787717
phlag_0010-c_min9max81	1389	5	1	605	0.303	0.9900990099009901
phlag_0010-c_min9max81	1322	12	0	666	0.333	0.6006006006006006
phlag_0010-c_min9max81	1495	0	505	0	0.2525	0.9900990099009901
phlag_0010-c_min9max81	1475	25	27	473	0.25	0.6
phlag_0010-c_min9max81	970	656	160	214	0.187	0.8021390374331551
phlag_0010-c_min9max81	993	7	59	941	0.5	0.6
phlag_0010-c_min9max81	1515	182	0	303	0.1515	0.9900990099009901
phlag_0010-c_min9max81	1251	0	0	749	0.3745	0.801068090787717
phlag_0010-c_min9max81	1798	0	197	5	0.101	0.9900990099009901
phlag_0010-c_min9max81	1834	0	166	0	0.083	0.6024096385542168
phlag_0010-c_min9max81	1512	286	0	202	0.101	0.9900990099009901
phlag_0010-c_min9max81	17	1483	408	92	0.25	0.6
phlag_0010-c_min9max81	1666	1	7	326	0.1665	0.6006006006006006
phlag_0010-c_min9max81	1684	13	0	303	0.1515	0.9900990099009901
phlag_0010-c_min9max81	1899	0	101	0	0.0505	0.9900990099009901
phlag_0010-c_min9max81	1491	9	5	495	0.25	0.802
phlag_0010-c_min9max81	1626	0	4	370	0.187	0.8021390374331551
phlag_0010-c_min9max81	1375	0	0	625	0.3125	0.8016
phlag_0010-c_min9max81	1000	0	1000	0	0.5	0.6
phlag_0010-c_min9max81	1593	205	0	202	0.101	0.9900990099009901
phlag_0010-c_min9max81	1875	0	125	0	0.0625	0.808
phlag_0010-c_min9max81	1875	0	125	0	0.0625	0.808
phlag_0010-c_min9max81	1334	0	666	0	0.333	0.6006006006006006
phlag_0010-c_min9max81	1653	97	2	248	0.125	0.804
phlag_0010-c_min9max81	1657	40	0	303	0.1515	0.9900990099009901
phlag_0010-c_min9max81	913	254	120	713	0.4165	0.6002400960384153
phlag_0010-c_min9max81	1374	20	72	534	0.303	0.9900990099009901
phlag_0010-c_min9max81	1314	20	139	527	0.333	0.6006006006006006
phlag_0010-c_min9max81	1899	0	101	0	0.0505	0.9900990099009901
phlag_0010-c_min9max81	1150	17	830	3	0.4165	0.6002400960384153
phlag_0010-c_min9max81	1410	287	2	301	0.1515	0.9900990099009901
phlag_0010-c_min9max81	1332	2	653	13	0.333	0.6006006006006006
phlag_0010-c_min9max81	1805	29	28	138	0.083	0.6024096385542168
phlag_0010-c_min9max81	1292	42	20	646	0.333	0.6006006006006006
phlag_0010-c_min9max81	1394	0	606	0	0.303	0.9900990099009901
phlag_0010-c_min9max81	1169	165	53	613	0.333	0.6006006006006006
phlag_0010-c_min9max81	1375	0	31	594	0.3125	0.8016
phlag_0010-c_min9max81	1214	180	0	606	0.303	0.9900990099009901
phlag_0010-c_min9max81	1899	0	101	0	0.0505	0.9900990099009901
phlag_0010-c_min9max81	1167	0	166	667	0.4165	0.6002400960384153
phlag_0010-c_min9max81	1875	0	125	0	0.0625	0.808
phlag_0010-c_min9max81	1642	55	0	303	0.1515	0.9900990099009901
phlag_0010-c_min9max81	1499	1	0	500	0.25	0.802
phlag_0010-c_min9max81	1667	0	333	0	0.1665	0.6006006006006006
phlag_0010-c_min9max81	1663	4	19	314	0.1665	0.6006006006006006
phlag_0010-c_min9max81	1746	52	0	202	0.101	0.9900990099009901
phlag_0010-c_min9max81	1893	6	0	101	0.0505	0.9900990099009901
phlag_0010-c_min9max81	1377	522	0	101	0.0505	0.9900990099009901
phlag_0010-c_min9max81	1238	512	19	231	0.125	0.804
phlag_0010-c_min9max81	1596	0	404	0	0.202	0.9900990099009901
phlag_0010-c_min9max81	1375	0	2	623	0.3125	0.8016
phlag_0010-c_min9max81	1164	3	19	814	0.4165	0.6002400960384153
phlag_0010-c_min9max81	1145	22	102	731	0.4165	0.6002400960384153
phlag_0010-c_min9max81	1687	10	0	303	0.1515	0.9900990099009901
phlag_0010-c_min9max81	1500	0	489	11	0.25	0.802
phlag_0010-c_min9max81	1144	23	267	566	0.4165	0.6002400960384153
phlag_0010-c_min9max81	1500	0	2	498	0.25	0.6
phlag_0010-c_min9max81	1874	1	124	1	0.0625	0.808
phlag_0010-c_min9max81	1352	547	0	101	0.0505	0.9900990099009901
phlag_0010-c_min9max81	1363	137	57	443	0.25	0.6
phlag_0010-c_min9max81	1394	0	0	606	0.303	0.9900990099009901
phlag_0010-c_min9max81	1238	596	60	106	0.083	0.6024096385542168
phlag_0010-c_min9max81	1834	0	1	165	0.083	0.6024096385542168
phlag_0010-c_min9max81	1500	0	498	2	0.25	0.6
phlag_0010-c_min9max81	1281	94	14	611	0.3125	0.8016
phlag_0010-c_min9max81	1245	6	0	749	0.3745	0.801068090787717
phlag_0010-c_min9max81	1697	0	0	303	0.1515	0.9900990099009901
phlag_0010-c_min9max81	1486	110	0	404	0.202	0.9900990099009901
phlag_0010-c_min9max81	1495	0	0	505	0.2525	0.9900990099009901
phlag_0010-c_min9max81	1384	212	0	404	0.202	0.9900990099009901
phlag_0010-c_min9max81	1553	43	0	404	0.202	0.9900990099009901
phlag_0010-c_min9max81	1251	0	749	0	0.3745	0.801068090787717
phlag_0010-c_min9max81	1626	0	9	365	0.187	0.8021390374331551
phlag_0010-c_min9max81	1496	254	0	250	0.125	0.804
phlag_0010-c_min9max81	1292	42	70	596	0.333	0.6006006006006006
phlag_0010-c_min9max81	1697	0	254	49	0.1515	0.9900990099009901
phlag_0010-c_min9max81	1322	72	1	605	0.303	0.9900990099009901
phlag_0010-c_min9max81	1596	0	1	403	0.202	0.9900990099009901
phlag_0010-c_min9max81	1581	15	22	382	0.202	0.9900990099009901
phlag_0010-c_min9max81	1834	0	166	0	0.083	0.6024096385542168
phlag_0010-c_min9max81	1321	73	0	606	0.303	0.9900990099009901
phlag_0010-c_min9max81	1899	0	101	0	0.0505	0.9900990099009901
phlag_0010-c_min9max81	1834	0	166	0	0.083	0.6024096385542168
phlag_0010-c_min9max81	1364	30	0	606	0.303	0.9900990099009901
phlag_0010-c_min9max81	0	1394	606	0	0.303	0.9900990099009901
phlag_0010-c_min9max81	1189	306	0	505	0.2525	0.9900990099009901
phlag_0010-c_min9max81	1697	0	0	303	0.1515	0.9900990099009901
phlag_0010-c_min9max81	1750	0	250	0	0.125	0.804
phlag_0010-c_min9max81	1683	14	1	302	0.1515	0.9900990099009901
phlag_0010-c_min9max81	1697	0	303	0	0.1515	0.9900990099009901
phlag_0010-c_min9max81	940	60	161	839	0.5	0.6
phlag_0010-c_min9max81	1500	0	492	8	0.25	0.6
phlag_0010-c_min9max81	1596	0	0	404	0.202	0.9900990099009901
phlag_0010-c_min9max81	1394	0	535	71	0.303	0.9900990099009901
phlag_0010-c_min9max81	1500	0	315	185	0.25	0.6
phlag_0010-c_min9max81	1697	0	303	0	0.1515	0.9900990099009901
phlag_0010-c_min9max81	189	1311	348	152	0.25	0.6
phlag_0010-c_min9max81	932	68	129	871	0.5	0.6
phlag_0010-c_min9max81	1827	7	94	72	0.083	0.6024096385542168
phlag_0010-c_min9max81	48	1119	773	60	0.4165	0.6002400960384153
phlag_0010-c_min9max81	1495	0	1	504	0.2525	0.9900990099009901
phlag_0010-c_min9max81	1429	71	3	497	0.25	0.802
phlag_0010-c_min9max81	1386	114	7	493	0.25	0.802
phlag_0010-c_min9max81	1875	0	125	0	0.0625	0.808
phlag_0010-c_min9max81	1588	38	0	374	0.187	0.8021390374331551
phlag_0010-c_min9max81	1619	7	4	370	0.187	0.8021390374331551
phlag_0010-c_min9max81	1500	0	500	0	0.25	0.6
phlag_0010-c_min9max81	1334	0	55	611	0.333	0.6006006006006006
phlag_0010-c_min9max81	1626	0	374	0	0.187	0.8021390374331551
phlag_0010-c_min9max81	1608	226	5	161	0.083	0.6024096385542168
phlag_0010-c_min9max81	1521	354	119	6	0.0625	0.808
phlag_0010-c_min9max81	995	5	341	659	0.5	0.6
phlag_0010-c_min9max81	1875	0	1	124	0.0625	0.808
phlag_0010-c_min9max81	1798	0	7	195	0.101	0.9900990099009901
phlag_0010-c_min9max81	1375	0	625	0	0.3125	0.8016
phlag_0010-c_min9max81	1898	1	0	101	0.0505	0.9900990099009901
phlag_0010-c_min9max81	1579	296	24	101	0.0625	0.808
phlag_0010-c_min9max81	15	1236	680	69	0.3745	0.801068090787717
phlag_0010-c_min9max81	1141	734	52	73	0.0625	0.808
phlag_0010-c_min9max81	1244	423	92	241	0.1665	0.6006006006006006
phlag_0010-c_min9max81	1591	5	0	404	0.202	0.9900990099009901
phlag_0010-c_min9max81	1496	4	6	494	0.25	0.802
phlag_0010-c_min9max81	1311	184	0	505	0.2525	0.9900990099009901
phlag_0010-c_min9max81	1563	104	13	320	0.1665	0.6006006006006006
phlag_0010-c_min9max81	1795	104	0	101	0.0505	0.9900990099009901
phlag_0010-c_min9max81	1089	411	114	386	0.25	0.6
phlag_0010-c_min9max81	1779	19	192	10	0.101	0.9900990099009901
phlag_0010-c_min9max81	1463	37	225	275	0.25	0.802
phlag_0010-c_min9max81	1119	548	103	230	0.1665	0.6006006006006006
phlag_0010-c_min9max81	1372	3	0	625	0.3125	0.8016
phlag_0010-c_min9max81	1493	7	10	490	0.25	0.802
phlag_0010-c_min9max81	1596	0	1	403	0.202	0.9900990099009901
phlag_0010-c_min9max81	69	1426	505	0	0.2525	0.9900990099009901
phlag_0010-c_min9max81	1875	0	125	0	0.0625	0.808
phlag_0010-c_min9max81	1251	0	97	652	0.3745	0.801068090787717
phlag_0010-c_min9max81	1030	221	62	687	0.3745	0.801068090787717
phlag_0010-c_min9max81	984	183	84	749	0.4165	0.6002400960384153
phlag_0010-c_min9max81	1326	49	28	597	0.3125	0.8016
phlag_0010-c_min9max81	1500	0	500	0	0.25	0.6
phlag_0010-c_min9max81	985	15	192	808	0.5	0.6
phlag_0010-c_min9max81	1667	0	333	0	0.1665	0.6006006006006006
phlag_0010-c_min9max81	1750	0	250	0	0.125	0.804
phlag_0010-c_min9max81	1896	3	0	101	0.0505	0.9900990099009901
phlag_0010-c_min9max81	1375	0	616	9	0.3125	0.8016
phlag_0010-c_min9max81	1740	10	0	250	0.125	0.804
phlag_0010-c_min9max81	996	4	145	855	0.5	0.6
phlag_0010-c_min9max81	1495	0	0	505	0.2525	0.9900990099009901
phlag_0010-c_min9max81	1689	8	1	302	0.1515	0.9900990099009901
phlag_0010-c_min9max81	1754	80	24	142	0.083	0.6024096385542168
phlag_0010-c_min9max81	1344	31	3	622	0.3125	0.8016
phlag_0010-c_min9max81	1750	0	250	0	0.125	0.804
phlag_0010-c_min9max81	1593	3	0	404	0.202	0.9900990099009901
phlag_0010-c_min9max81	1798	0	0	202	0.101	0.9900990099009901
phlag_0010-c_min9max81	1500	0	8	492	0.25	0.6
phlag_0010-c_min9max81	1749	1	0	250	0.125	0.804
phlag_0010-c_min9max81	1456	39	0	505	0.2525	0.9900990099009901
phlag_0010-c_min9max81	1898	1	0	101	0.0505	0.9900990099009901
