phylter-k200-island_0	1394	0	606	0	0.303	0.9900990099009901
phylter-k200-island_0	1334	0	666	0	0.333	0.6006006006006006
phylter-k200-island_0	1334	0	666	0	0.333	0.6006006006006006
phylter-k200-island_0	1394	0	606	0	0.303	0.9900990099009901
phylter-k200-island_0	1789	9	2	200	0.101	0.9900990099009901
phylter-k200-island_0	1626	0	374	0	0.187	0.8021390374331551
phylter-k200-island_0	1334	0	666	0	0.333	0.6006006006006006
phylter-k200-island_0	1834	0	121	45	0.083	0.6024096385542168
phylter-k200-island_0	1796	2	3	199	0.101	0.9900990099009901
phylter-k200-island_0	1834	0	166	0	0.083	0.6024096385542168
phylter-k200-island_0	1626	0	374	0	0.187	0.8021390374331551
phylter-k200-island_0	1375	0	625	0	0.3125	0.8016
phylter-k200-island_0	1899	0	101	0	0.0505	0.9900990099009901
phylter-k200-island_0	1697	0	303	0	0.1515	0.9900990099009901
phylter-k200-island_0	1495	0	505	0	0.2525	0.9900990099009901
phylter-k200-island_0	1750	0	250	0	0.125	0.804
phylter-k200-island_0	1626	0	370	4	0.187	0.8021390374331551
phylter-k200-island_0	1394	0	606	0	0.303	0.9900990099009901
phylter-k200-island_0	1596	0	404	0	0.202	0.9900990099009901
phylter-k200-island_0	1750	0	250	0	0.125	0.804
phylter-k200-island_0	1495	0	505	0	0.2525	0.9900990099009901
phylter-k200-island_0	1697	0	303	0	0.1515	0.9900990099009901
phylter-k200-island_0	1667	0	333	0	0.1665	0.6006006006006006
phylter-k200-island_0	1394	0	606	0	0.303	0.9900990099009901
phylter-k200-island_0	1000	0	1000	0	0.5	0.6
phylter-k200-island_0	1894	5	40	61	0.0505	0.9900990099009901
phylter-k200-island_0	1626	0	374	0	0.187	0.8021390374331551
phylter-k200-island_0	1500	0	500	0	0.25	0.802
phylter-k200-island_0	1868	7	27	98	0.0625	0.808
phylter-k200-island_0	1596	0	404	0	0.202	0.9900990099009901
phylter-k200-island_0	1167	0	833	0	0.4165	0.6002400960384153
phylter-k200-island_0	1375	0	625	0	0.3125	0.8016
phylter-k200-island_0	1000	0	1000	0	0.5	0.6
phylter-k200-island_0	1167	0	833	0	0.4165	0.6002400960384153
phylter-k200-island_0	1000	0	1000	0	0.5	0.6
phylter-k200-island_0	1375	0	625	0	0.3125	0.8016
phylter-k200-island_0	1500	0	500	0	0.25	0.802
phylter-k200-island_0	1875	0	125	0	0.0625	0.808
phylter-k200-island_0	1626	0	374	0	0.187	0.8021390374331551
phylter-k200-island_0	1394	0	606	0	0.303	0.9900990099009901
phylter-k200-island_0	1596	0	404	0	0.202	0.9900990099009901
phylter-k200-island_0	1251	0	749	0	0.3745	0.801068090787717
phylter-k200-island_0	1375	0	625	0	0.3125	0.8016
phylter-k200-island_0	1167	0	833	0	0.4165	0.6002400960384153
phylter-k200-island_0	1596	0	404	0	0.202	0.9900990099009901
phylter-k200-island_0	1875	0	125	0	0.0625	0.808
phylter-k200-island_0	1334	0	666	0	0.333	0.6006006006006006
phylter-k200-island_0	1500	0	500	0	0.25	0.802
phylter-k200-island_0	1000	0	1000	0	0.5	0.6
phylter-k200-island_0	1798	0	202	0	0.101	0.9900990099009901
phylter-k200-island_0	1596	0	404	0	0.202	0.9900990099009901
phylter-k200-island_0	1500	0	500	0	0.25	0.802
phylter-k200-island_0	1622	45	132	201	0.1665	0.6006006006006006
phylter-k200-island_0	1790	8	11	191	0.101	0.9900990099009901
phylter-k200-island_0	1869	6	50	75	0.0625	0.808
phylter-k200-island_0	1334	0	666	0	0.333	0.6006006006006006
phylter-k200-island_0	1251	0	749	0	0.3745	0.801068090787717
phylter-k200-island_0	1375	0	625	0	0.3125	0.8016
phylter-k200-island_0	1167	0	833	0	0.4165	0.6002400960384153
phylter-k200-island_0	1500	0	500	0	0.25	0.6
phylter-k200-island_0	1667	0	333	0	0.1665	0.6006006006006006
phylter-k200-island_0	1000	0	1000	0	0.5	0.6
phylter-k200-island_0	1697	0	303	0	0.1515	0.9900990099009901
phylter-k200-island_0	1495	0	505	0	0.2525	0.9900990099009901
phylter-k200-island_0	1596	0	404	0	0.202	0.9900990099009901
phylter-k200-island_0	1750	0	250	0	0.125	0.804
phylter-k200-island_0	1500	0	500	0	0.25	0.6
phylter-k200-island_0	1899	0	100	1	0.0505	0.9900990099009901
phylter-k200-island_0	1697	0	303	0	0.1515	0.9900990099009901
phylter-k200-island_0	1889	10	7	94	0.0505	0.9900990099009901
phylter-k200-island_0	1500	0	495	5	0.25	0.6
phylter-k200-island_0	1375	0	625	0	0.3125	0.8016
phylter-k200-island_0	1666	1	156	177	0.1665	0.6006006006006006
phylter-k200-island_0	1000	0	1000	0	0.5	0.6
phylter-k200-island_0	1334	0	666	0	0.333	0.6006006006006006
phylter-k200-island_0	1747	3	52	198	0.125	0.804
phylter-k200-island_0	1495	0	505	0	0.2525	0.9900990099009901
phylter-k200-island_0	1697	0	303	0	0.1515	0.9900990099009901
phylter-k200-island_0	1251	0	749	0	0.3745	0.801068090787717
phylter-k200-island_0	1833	1	71	95	0.083	0.6024096385542168
phylter-k200-island_0	1334	0	666	0	0.333	0.6006006006006006
phylter-k200-island_0	1871	4	66	59	0.0625	0.808
phylter-k200-island_0	1495	0	505	0	0.2525	0.9900990099009901
phylter-k200-island_0	1334	0	666	0	0.333	0.6006006006006006
phylter-k200-island_0	1866	9	75	50	0.0625	0.808
phylter-k200-island_0	1798	0	202	0	0.101	0.9900990099009901
phylter-k200-island_0	1251	0	749	0	0.3745	0.801068090787717
phylter-k200-island_0	1834	0	166	0	0.083	0.6024096385542168
phylter-k200-island_0	1394	0	606	0	0.303	0.9900990099009901
phylter-k200-island_0	1667	0	333	0	0.1665	0.6006006006006006
phylter-k200-island_0	1000	0	1000	0	0.5	0.6
phylter-k200-island_0	1495	0	505	0	0.2525	0.9900990099009901
phylter-k200-island_0	1500	0	500	0	0.25	0.6
phylter-k200-island_0	1798	0	202	0	0.101	0.9900990099009901
phylter-k200-island_0	1500	0	500	0	0.25	0.6
phylter-k200-island_0	1798	0	202	0	0.101	0.9900990099009901
phylter-k200-island_0	1251	0	749	0	0.3745	0.801068090787717
phylter-k200-island_0	1659	8	138	195	0.1665	0.6006006006006006
phylter-k200-island_0	1000	0	1000	0	0.5	0.6
phylter-k200-island_0	1875	0	125	0	0.0625	0.808
phylter-k200-island_0	1394	0	606	0	0.303	0.9900990099009901
phylter-k200-island_0	1495	0	505	0	0.2525	0.9900990099009901
phylter-k200-island_0	1495	0	505	0	0.2525	0.9900990099009901
phylter-k200-island_0	1697	0	303	0	0.1515	0.9900990099009901
phylter-k200-island_0	1667	0	333	0	0.1665	0.6006006006006006
phylter-k200-island_0	1167	0	833	0	0.4165	0.6002400960384153
phylter-k200-island_0	1334	0	666	0	0.333	0.6006006006006006
phylter-k200-island_0	1394	0	606	0	0.303	0.9900990099009901
phylter-k200-island_0	1793	5	15	187	0.101	0.9900990099009901
phylter-k200-island_0	1375	0	625	0	0.3125	0.8016
phylter-k200-island_0	1500	0	500	0	0.25	0.6
phylter-k200-island_0	1500	0	500	0	0.25	0.6
phylter-k200-island_0	1896	3	35	66	0.0505	0.9900990099009901
phylter-k200-island_0	1798	0	202	0	0.101	0.9900990099009901
phylter-k200-island_0	1899	0	101	0	0.0505	0.9900990099009901
phylter-k200-island_0	1899	0	101	0	0.0505	0.9900990099009901
phylter-k200-island_0	1500	0	500	0	0.25	0.6
phylter-k200-island_0	1697	0	303	0	0.1515	0.9900990099009901
phylter-k200-island_0	1495	0	505	0	0.2525	0.9900990099009901
phylter-k200-island_0	1596	0	404	0	0.202	0.9900990099009901
phylter-k200-island_0	1394	0	606	0	0.303	0.9900990099009901
phylter-k200-island_0	1167	0	833	0	0.4165	0.6002400960384153
phylter-k200-island_0	1667	0	328	5	0.1665	0.6006006006006006
phylter-k200-island_0	1167	0	833	0	0.4165	0.6002400960384153
phylter-k200-island_0	1500	0	500	0	0.25	0.6
phylter-k200-island_0	1500	0	500	0	0.25	0.6
phylter-k200-island_0	1892	7	40	61	0.0505	0.9900990099009901
phylter-k200-island_0	1375	0	625	0	0.3125	0.8016
phylter-k200-island_0	1667	0	333	0	0.1665	0.6006006006006006
phylter-k200-island_0	1865	10	31	94	0.0625	0.808
phylter-k200-island_0	1334	0	666	0	0.333	0.6006006006006006
phylter-k200-island_0	1596	0	404	0	0.202	0.9900990099009901
phylter-k200-island_0	1875	0	124	1	0.0625	0.808
phylter-k200-island_0	1334	0	666	0	0.333	0.6006006006006006
phylter-k200-island_0	1394	0	606	0	0.303	0.9900990099009901
phylter-k200-island_0	1596	0	404	0	0.202	0.9900990099009901
phylter-k200-island_0	1899	0	65	36	0.0505	0.9900990099009901
phylter-k200-island_0	1500	0	500	0	0.25	0.6
phylter-k200-island_0	1167	0	833	0	0.4165	0.6002400960384153
phylter-k200-island_0	1375	0	625	0	0.3125	0.8016
phylter-k200-island_0	1495	0	505	0	0.2525	0.9900990099009901
phylter-k200-island_0	1697	0	303	0	0.1515	0.9900990099009901
phylter-k200-island_0	1000	0	1000	0	0.5	0.6
phylter-k200-island_0	1394	0	606	0	0.303	0.9900990099009901
phylter-k200-island_0	1798	0	202	0	0.101	0.9900990099009901
phylter-k200-island_0	1251	0	749	0	0.3745	0.801068090787717
phylter-k200-island_0	1834	0	166	0	0.083	0.6024096385542168
phylter-k200-island_0	1167	0	833	0	0.4165	0.6002400960384153
phylter-k200-island_0	1889	10	33	68	0.0505	0.9900990099009901
phylter-k200-island_0	1798	0	201	1	0.101	0.9900990099009901
phylter-k200-island_0	1896	3	64	37	0.0505	0.9900990099009901
phylter-k200-island_0	1697	0	303	0	0.1515	0.9900990099009901
phylter-k200-island_0	1495	0	505	0	0.2525	0.9900990099009901
phylter-k200-island_0	1394	0	606	0	0.303	0.9900990099009901
phylter-k200-island_0	1000	0	1000	0	0.5	0.6
phylter-k200-island_0	1899	0	101	0	0.0505	0.9900990099009901
phylter-k200-island_0	1167	0	833	0	0.4165	0.6002400960384153
phylter-k200-island_0	1756	42	2	200	0.101	0.9900990099009901
phylter-k200-island_0	1833	1	158	8	0.083	0.6024096385542168
phylter-k200-island_0	1251	0	749	0	0.3745	0.801068090787717
phylter-k200-island_0	1375	0	625	0	0.3125	0.8016
phylter-k200-island_0	1626	0	374	0	0.187	0.8021390374331551
phylter-k200-island_0	1596	0	404	0	0.202	0.9900990099009901
phylter-k200-island_0	1697	0	301	2	0.1515	0.9900990099009901
phylter-k200-island_0	1732	18	52	198	0.125	0.804
phylter-k200-island_0	1626	0	372	2	0.187	0.8021390374331551
phylter-k200-island_0	1495	0	505	0	0.2525	0.9900990099009901
phylter-k200-island_0	1750	0	250	0	0.125	0.804
phylter-k200-island_0	1596	0	404	0	0.202	0.9900990099009901
phylter-k200-island_0	1167	0	833	0	0.4165	0.6002400960384153
phylter-k200-island_0	1251	0	749	0	0.3745	0.801068090787717
phylter-k200-island_0	1375	0	625	0	0.3125	0.8016
phylter-k200-island_0	1743	7	53	197	0.125	0.804
phylter-k200-island_0	1500	0	500	0	0.25	0.802
phylter-k200-island_0	1626	0	374	0	0.187	0.8021390374331551
phylter-k200-island_0	1375	0	625	0	0.3125	0.8016
phylter-k200-island_0	1251	0	749	0	0.3745	0.801068090787717
phylter-k200-island_0	1834	0	166	0	0.083	0.6024096385542168
phylter-k200-island_0	1596	0	404	0	0.202	0.9900990099009901
phylter-k200-island_0	1250	1	749	0	0.3745	0.801068090787717
phylter-k200-island_0	1834	0	166	0	0.083	0.6024096385542168
phylter-k200-island_0	1596	0	404	0	0.202	0.9900990099009901
phylter-k200-island_0	1375	0	625	0	0.3125	0.8016
phylter-k200-island_0	1667	0	333	0	0.1665	0.6006006006006006
phylter-k200-island_0	1626	0	374	0	0.187	0.8021390374331551
phylter-k200-island_0	1500	0	500	0	0.25	0.802
phylter-k200-island_0	1500	0	500	0	0.25	0.802
phylter-k200-island_0	1798	0	202	0	0.101	0.9900990099009901
phylter-k200-island_0	1000	0	1000	0	0.5	0.6
phylter-k200-island_0	1742	8	52	198	0.125	0.804
phylter-k200-island_0	1667	0	333	0	0.1665	0.6006006006006006
phylter-k200-island_0	1500	0	500	0	0.25	0.802
phylter-k200-island_0	1000	0	1000	0	0.5	0.6
phylter-k200-island_0	1750	0	250	0	0.125	0.804
phylter-k200-island_0	1596	0	404	0	0.202	0.9900990099009901
phylter-k200-island_0	1500	0	500	0	0.25	0.802
phylter-k200-island_0	1251	0	749	0	0.3745	0.801068090787717
phylter-k200-island_0	1500	0	500	0	0.25	0.802
phylter-k200-island_0	1875	0	93	32	0.0625	0.808
phylter-k200-island_0	1334	0	666	0	0.333	0.6006006006006006
phylter-k200-island_0	1251	0	749	0	0.3745	0.801068090787717
phylter-k200-island_0	1831	3	161	5	0.083	0.6024096385542168
phylter-k200-island_0	1626	0	374	0	0.187	0.8021390374331551
phylter-k200-island_0	1626	0	374	0	0.187	0.8021390374331551
phylter-k200-island_0	1500	0	500	0	0.25	0.6
phylter-k200-island_0	1831	3	67	99	0.083	0.6024096385542168
phylter-k200-island_0	1875	0	125	0	0.0625	0.808
phylter-k200-island_0	1334	0	666	0	0.333	0.6006006006006006
phylter-k200-island_0	1660	7	134	199	0.1665	0.6006006006006006
phylter-k200-island_0	1500	0	500	0	0.25	0.802
phylter-k200-island_0	1500	0	496	4	0.25	0.6
phylter-k200-island_0	1626	0	374	0	0.187	0.8021390374331551
phylter-k200-island_0	1251	0	749	0	0.3745	0.801068090787717
phylter-k200-island_0	1660	7	133	200	0.1665	0.6006006006006006
phylter-k200-island_0	1750	0	250	0	0.125	0.804
phylter-k200-island_0	1334	0	666	0	0.333	0.6006006006006006
phylter-k200-island_0	1667	0	333	0	0.1665	0.6006006006006006
phylter-k200-island_0	1750	0	250	0	0.125	0.804
phylter-k200-island_0	1500	0	500	0	0.25	0.6
phylter-k200-island_0	1831	3	79	87	0.083	0.6024096385542168
phylter-k200-island_0	1500	0	500	0	0.25	0.6
phylter-k200-island_0	1167	0	833	0	0.4165	0.6002400960384153
phylter-k200-island_0	1500	0	500	0	0.25	0.6
phylter-k200-island_0	1375	0	625	0	0.3125	0.8016
phylter-k200-island_0	1873	2	58	67	0.0625	0.808
phylter-k200-island_0	1334	0	666	0	0.333	0.6006006006006006
phylter-k200-island_0	1667	0	333	0	0.1665	0.6006006006006006
phylter-k200-island_0	1596	0	404	0	0.202	0.9900990099009901
phylter-k200-island_0	1394	0	606	0	0.303	0.9900990099009901
phylter-k200-island_0	1875	0	125	0	0.0625	0.808
phylter-k200-island_0	1334	0	666	0	0.333	0.6006006006006006
phylter-k200-island_0	1596	0	404	0	0.202	0.9900990099009901
phylter-k200-island_0	1167	0	833	0	0.4165	0.6002400960384153
phylter-k200-island_0	1899	0	97	4	0.0505	0.9900990099009901
phylter-k200-island_0	1375	0	625	0	0.3125	0.8016
phylter-k200-island_0	1697	0	303	0	0.1515	0.9900990099009901
phylter-k200-island_0	1495	0	505	0	0.2525	0.9900990099009901
phylter-k200-island_0	1394	0	606	0	0.303	0.9900990099009901
phylter-k200-island_0	1334	0	666	0	0.333	0.6006006006006006
phylter-k200-island_0	1167	0	833	0	0.4165	0.6002400960384153
phylter-k200-island_0	1667	0	333	0	0.1665	0.6006006006006006
phylter-k200-island_0	1375	0	625	0	0.3125	0.8016
phylter-k200-island_0	1798	0	202	0	0.101	0.9900990099009901
phylter-k200-island_0	1899	0	101	0	0.0505	0.9900990099009901
phylter-k200-island_0	1500	0	500	0	0.25	0.6
phylter-k200-island_0	1500	0	500	0	0.25	0.6
phylter-k200-island_0	1500	0	500	0	0.25	0.6
phylter-k200-island_0	1899	0	101	0	0.0505	0.9900990099009901
phylter-k200-island_0	1898	1	100	1	0.0505	0.9900990099009901
phylter-k200-island_0	1596	0	404	0	0.202	0.9900990099009901
phylter-k200-island_0	1495	0	505	0	0.2525	0.9900990099009901
phylter-k200-island_0	1697	0	303	0	0.1515	0.9900990099009901
phylter-k200-island_0	1667	0	333	0	0.1665	0.6006006006006006
phylter-k200-island_0	1167	0	833	0	0.4165	0.6002400960384153
phylter-k200-island_0	1394	0	606	0	0.303	0.9900990099009901
phylter-k200-island_0	1895	4	9	92	0.0505	0.9900990099009901
phylter-k200-island_0	1167	0	833	0	0.4165	0.6002400960384153
phylter-k200-island_0	1834	0	166	0	0.083	0.6024096385542168
phylter-k200-island_0	1375	0	625	0	0.3125	0.8016
phylter-k200-island_0	1251	0	749	0	0.3745	0.801068090787717
phylter-k200-island_0	1798	0	202	0	0.101	0.9900990099009901
phylter-k200-island_0	1626	0	374	0	0.187	0.8021390374331551
phylter-k200-island_0	1750	0	250	0	0.125	0.804
phylter-k200-island_0	1697	0	303	0	0.1515	0.9900990099009901
phylter-k200-island_0	1596	0	404	0	0.202	0.9900990099009901
phylter-k200-island_0	1626	0	374	0	0.187	0.8021390374331551
phylter-k200-island_0	1596	0	404	0	0.202	0.9900990099009901
phylter-k200-island_0	1495	0	505	0	0.2525	0.9900990099009901
phylter-k200-island_0	1750	0	249	1	0.125	0.804
phylter-k200-island_0	1167	0	833	0	0.4165	0.6002400960384153
phylter-k200-island_0	1819	15	73	93	0.083	0.6024096385542168
phylter-k200-island_0	1375	0	625	0	0.3125	0.8016
phylter-k200-island_0	1251	0	749	0	0.3745	0.801068090787717
phylter-k200-island_0	1697	0	303	0	0.1515	0.9900990099009901
phylter-k200-island_0	1495	0	505	0	0.2525	0.9900990099009901
phylter-k200-island_0	1394	0	606	0	0.303	0.9900990099009901
phylter-k200-island_0	1000	0	1000	0	0.5	0.6
phylter-k200-island_0	1251	0	749	0	0.3745	0.801068090787717
phylter-k200-island_0	1834	0	166	0	0.083	0.6024096385542168
phylter-k200-island_0	1790	8	4	198	0.101	0.9900990099009901
phylter-k200-island_0	1167	0	833	0	0.4165	0.6002400960384153
phylter-k200-island_0	1895	4	5	96	0.0505	0.9900990099009901
phylter-k200-island_0	1798	0	202	0	0.101	0.9900990099009901
phylter-k200-island_0	1897	2	100	1	0.0505	0.9900990099009901
phylter-k200-island_0	1495	0	505	0	0.2525	0.9900990099009901
phylter-k200-island_0	1697	0	303	0	0.1515	0.9900990099009901
phylter-k200-island_0	1000	0	1000	0	0.5	0.6
phylter-k200-island_0	1394	0	606	0	0.303	0.9900990099009901
phylter-k200-island_0	1500	0	500	0	0.25	0.802
phylter-k200-island_0	1667	0	333	0	0.1665	0.6006006006006006
phylter-k200-island_0	1000	0	1000	0	0.5	0.6
phylter-k200-island_0	1746	4	179	71	0.125	0.804
phylter-k200-island_0	1000	0	1000	0	0.5	0.6
phylter-k200-island_0	1500	0	500	0	0.25	0.802
phylter-k200-island_0	1667	0	331	2	0.1665	0.6006006006006006
phylter-k200-island_0	1750	0	250	0	0.125	0.804
phylter-k200-island_0	1500	0	500	0	0.25	0.802
phylter-k200-island_0	1596	0	404	0	0.202	0.9900990099009901
phylter-k200-island_0	1251	0	749	0	0.3745	0.801068090787717
phylter-k200-island_0	1750	0	250	0	0.125	0.804
phylter-k200-island_0	1375	0	625	0	0.3125	0.8016
phylter-k200-island_0	1626	0	374	0	0.187	0.8021390374331551
phylter-k200-island_0	1500	0	500	0	0.25	0.802
phylter-k200-island_0	1251	0	749	0	0.3745	0.801068090787717
phylter-k200-island_0	1834	0	166	0	0.083	0.6024096385542168
phylter-k200-island_0	1251	0	749	0	0.3745	0.801068090787717
phylter-k200-island_0	1827	7	84	82	0.083	0.6024096385542168
phylter-k200-island_0	1596	0	404	0	0.202	0.9900990099009901
phylter-k200-island_0	1500	0	500	0	0.25	0.802
phylter-k200-island_0	1667	0	333	0	0.1665	0.6006006006006006
phylter-k200-island_0	1626	0	374	0	0.187	0.8021390374331551
phylter-k200-island_0	1375	0	625	0	0.3125	0.8016
phylter-k200-island_0	1626	0	374	0	0.187	0.8021390374331551
phylter-k200-island_0	1500	0	496	4	0.25	0.6
phylter-k200-island_0	1251	0	749	0	0.3745	0.801068090787717
phylter-k200-island_0	1646	21	132	201	0.1665	0.6006006006006006
phylter-k200-island_0	1667	0	333	0	0.1665	0.6006006006006006
phylter-k200-island_0	1334	0	666	0	0.333	0.6006006006006006
phylter-k200-island_0	1750	0	250	0	0.125	0.804
phylter-k200-island_0	1834	0	166	0	0.083	0.6024096385542168
phylter-k200-island_0	1500	0	500	0	0.25	0.6
phylter-k200-island_0	1875	0	36	89	0.0625	0.808
phylter-k200-island_0	1334	0	666	0	0.333	0.6006006006006006
phylter-k200-island_0	1500	0	500	0	0.25	0.802
phylter-k200-island_0	1251	0	749	0	0.3745	0.801068090787717
phylter-k200-island_0	1375	0	625	0	0.3125	0.8016
phylter-k200-island_0	1626	0	374	0	0.187	0.8021390374331551
phylter-k200-island_0	1831	3	124	42	0.083	0.6024096385542168
phylter-k200-island_0	1251	0	749	0	0.3745	0.801068090787717
phylter-k200-island_0	1829	5	111	55	0.083	0.6024096385542168
phylter-k200-island_0	1491	9	209	291	0.25	0.6
phylter-k200-island_0	1596	0	404	0	0.202	0.9900990099009901
phylter-k200-island_0	1500	0	500	0	0.25	0.802
phylter-k200-island_0	1667	0	333	0	0.1665	0.6006006006006006
phylter-k200-island_0	1875	0	125	0	0.0625	0.808
phylter-k200-island_0	1334	0	666	0	0.333	0.6006006006006006
phylter-k200-island_0	1334	0	666	0	0.333	0.6006006006006006
phylter-k200-island_0	1626	0	374	0	0.187	0.8021390374331551
phylter-k200-island_0	1825	9	70	96	0.083	0.6024096385542168
phylter-k200-island_0	1798	0	202	0	0.101	0.9900990099009901
phylter-k200-island_0	1834	0	166	0	0.083	0.6024096385542168
phylter-k200-island_0	1251	0	749	0	0.3745	0.801068090787717
phylter-k200-island_0	1626	0	374	0	0.187	0.8021390374331551
phylter-k200-island_0	1798	0	202	0	0.101	0.9900990099009901
phylter-k200-island_0	1334	0	666	0	0.333	0.6006006006006006
phylter-k200-island_0	1394	0	606	0	0.303	0.9900990099009901
phylter-k200-island_0	1394	0	606	0	0.303	0.9900990099009901
phylter-k200-island_0	1792	6	3	199	0.101	0.9900990099009901
phylter-k200-island_0	1500	0	500	0	0.25	0.802
phylter-k200-island_0	1875	0	125	0	0.0625	0.808
phylter-k200-island_0	1626	0	374	0	0.187	0.8021390374331551
phylter-k200-island_0	1596	0	404	0	0.202	0.9900990099009901
phylter-k200-island_0	1167	0	833	0	0.4165	0.6002400960384153
phylter-k200-island_0	1375	0	625	0	0.3125	0.8016
phylter-k200-island_0	1167	0	833	0	0.4165	0.6002400960384153
phylter-k200-island_0	1375	0	625	0	0.3125	0.8016
phylter-k200-island_0	1000	0	1000	0	0.5	0.6
phylter-k200-island_0	1334	0	666	0	0.333	0.6006006006006006
phylter-k200-island_0	1394	0	606	0	0.303	0.9900990099009901
phylter-k200-island_0	1626	0	374	0	0.187	0.8021390374331551
phylter-k200-island_0	1500	0	500	0	0.25	0.802
phylter-k200-island_0	1875	0	117	8	0.0625	0.808
phylter-k200-island_0	1596	0	404	0	0.202	0.9900990099009901
phylter-k200-island_0	1375	0	625	0	0.3125	0.8016
phylter-k200-island_0	1899	0	101	0	0.0505	0.9900990099009901
phylter-k200-island_0	1750	0	250	0	0.125	0.804
phylter-k200-island_0	1495	0	505	0	0.2525	0.9900990099009901
phylter-k200-island_0	1697	0	303	0	0.1515	0.9900990099009901
phylter-k200-island_0	1626	0	374	0	0.187	0.8021390374331551
phylter-k200-island_0	1697	0	303	0	0.1515	0.9900990099009901
phylter-k200-island_0	1495	0	505	0	0.2525	0.9900990099009901
phylter-k200-island_0	1596	0	404	0	0.202	0.9900990099009901
phylter-k200-island_0	1737	13	47	203	0.125	0.804
phylter-k200-island_0	1394	0	606	0	0.303	0.9900990099009901
phylter-k200-island_0	1000	0	1000	0	0.5	0.6
phylter-k200-island_0	1898	1	9	92	0.0505	0.9900990099009901
phylter-k200-island_0	1500	0	500	0	0.25	0.6
phylter-k200-island_0	1667	0	333	0	0.1665	0.6006006006006006
phylter-k200-island_0	1000	0	1000	0	0.5	0.6
phylter-k200-island_0	1596	0	404	0	0.202	0.9900990099009901
phylter-k200-island_0	1750	0	250	0	0.125	0.804
phylter-k200-island_0	1495	0	505	0	0.2525	0.9900990099009901
phylter-k200-island_0	1697	0	303	0	0.1515	0.9900990099009901
phylter-k200-island_0	1697	0	303	0	0.1515	0.9900990099009901
phylter-k200-island_0	1899	0	101	0	0.0505	0.9900990099009901
phylter-k200-island_0	1500	0	500	0	0.25	0.6
phylter-k200-island_0	1500	0	245	255	0.25	0.6
phylter-k200-island_0	1897	2	31	70	0.0505	0.9900990099009901
phylter-k200-island_0	1697	0	303	0	0.1515	0.9900990099009901
phylter-k200-island_0	1375	0	625	0	0.3125	0.8016
phylter-k200-island_0	1334	0	666	0	0.333	0.6006006006006006
phylter-k200-island_0	1659	8	135	198	0.1665	0.6006006006006006
phylter-k200-island_0	1000	0	1000	0	0.5	0.6
phylter-k200-island_0	1697	0	303	0	0.1515	0.9900990099009901
phylter-k200-island_0	1495	0	505	0	0.2525	0.9900990099009901
phylter-k200-island_0	1750	0	250	0	0.125	0.804
phylter-k200-island_0	1375	0	625	0	0.3125	0.8016
phylter-k200-island_0	1251	0	749	0	0.3745	0.801068090787717
phylter-k200-island_0	1167	0	833	0	0.4165	0.6002400960384153
phylter-k200-island_0	1596	0	404	0	0.202	0.9900990099009901
phylter-k200-island_0	1000	0	1000	0	0.5	0.6
phylter-k200-island_0	1500	0	500	0	0.25	0.802
phylter-k200-island_0	1798	0	202	0	0.101	0.9900990099009901
phylter-k200-island_0	1875	0	124	1	0.0625	0.808
phylter-k200-island_0	1334	0	666	0	0.333	0.6006006006006006
phylter-k200-island_0	1596	0	404	0	0.202	0.9900990099009901
phylter-k200-island_0	1875	0	125	0	0.0625	0.808
phylter-k200-island_0	1334	0	666	0	0.333	0.6006006006006006
phylter-k200-island_0	1667	0	333	0	0.1665	0.6006006006006006
phylter-k200-island_0	1500	0	500	0	0.25	0.802
phylter-k200-island_0	1798	0	202	0	0.101	0.9900990099009901
phylter-k200-island_0	1375	0	625	0	0.3125	0.8016
phylter-k200-island_0	1251	0	749	0	0.3745	0.801068090787717
phylter-k200-island_0	1167	0	833	0	0.4165	0.6002400960384153
phylter-k200-island_0	1449	51	197	303	0.25	0.6
phylter-k200-island_0	1667	0	333	0	0.1665	0.6006006006006006
phylter-k200-island_0	1000	0	1000	0	0.5	0.6
phylter-k200-island_0	1394	0	606	0	0.303	0.9900990099009901
phylter-k200-island_0	1500	0	500	0	0.25	0.6
phylter-k200-island_0	1798	0	199	3	0.101	0.9900990099009901
phylter-k200-island_0	1500	0	500	0	0.25	0.6
phylter-k200-island_0	1251	0	749	0	0.3745	0.801068090787717
phylter-k200-island_0	1798	0	186	16	0.101	0.9900990099009901
phylter-k200-island_0	1394	0	606	0	0.303	0.9900990099009901
phylter-k200-island_0	1872	3	40	85	0.0625	0.808
phylter-k200-island_0	1667	0	333	0	0.1665	0.6006006006006006
phylter-k200-island_0	1000	0	1000	0	0.5	0.6
phylter-k200-island_0	1495	0	505	0	0.2525	0.9900990099009901
phylter-k200-island_0	1251	0	749	0	0.3745	0.801068090787717
phylter-k200-island_0	1829	5	105	61	0.083	0.6024096385542168
phylter-k200-island_0	1334	0	666	0	0.333	0.6006006006006006
phylter-k200-island_0	1873	2	120	5	0.0625	0.808
phylter-k200-island_0	1495	0	505	0	0.2525	0.9900990099009901
phylter-k200-island_0	1334	0	666	0	0.333	0.6006006006006006
phylter-k200-island_0	1870	5	27	98	0.0625	0.808
phylter-k200-island_0	1251	0	749	0	0.3745	0.801068090787717
phylter-k200-island_0	1798	0	202	0	0.101	0.9900990099009901
phylter-k200-island_0	1834	0	166	0	0.083	0.6024096385542168
phylter-k200-island_0	1375	0	625	0	0.3125	0.8016
phylter-k200-island_0	1251	0	749	0	0.3745	0.801068090787717
phylter-k200-island_0	1834	0	121	45	0.083	0.6024096385542168
phylter-k200-island_0	1167	0	833	0	0.4165	0.6002400960384153
phylter-k200-island_0	1834	0	166	0	0.083	0.6024096385542168
phylter-k200-island_0	1596	0	404	0	0.202	0.9900990099009901
phylter-k200-island_0	1750	0	250	0	0.125	0.804
phylter-k200-island_0	1000	0	1000	0	0.5	0.6
phylter-k200-island_0	1394	0	606	0	0.303	0.9900990099009901
phylter-k200-island_0	1626	0	374	0	0.187	0.8021390374331551
phylter-k200-island_0	1750	0	249	1	0.125	0.804
phylter-k200-island_0	1596	0	404	0	0.202	0.9900990099009901
phylter-k200-island_0	1626	0	374	0	0.187	0.8021390374331551
phylter-k200-island_0	1375	0	625	0	0.3125	0.8016
phylter-k200-island_0	1251	0	749	0	0.3745	0.801068090787717
phylter-k200-island_0	1834	0	166	0	0.083	0.6024096385542168
phylter-k200-island_0	1167	0	833	0	0.4165	0.6002400960384153
phylter-k200-island_0	1000	0	1000	0	0.5	0.6
phylter-k200-island_0	1394	0	606	0	0.303	0.9900990099009901
phylter-k200-island_0	1596	0	404	0	0.202	0.9900990099009901
phylter-k200-island_0	1697	0	303	0	0.1515	0.9900990099009901
phylter-k200-island_0	1495	0	505	0	0.2525	0.9900990099009901
phylter-k200-island_0	1894	5	8	93	0.0505	0.9900990099009901
phylter-k200-island_0	1798	0	202	0	0.101	0.9900990099009901
phylter-k200-island_0	1899	0	101	0	0.0505	0.9900990099009901
phylter-k200-island_0	1375	0	625	0	0.3125	0.8016
phylter-k200-island_0	1798	0	202	0	0.101	0.9900990099009901
phylter-k200-island_0	1394	0	606	0	0.303	0.9900990099009901
phylter-k200-island_0	1619	7	91	283	0.187	0.8021390374331551
phylter-k200-island_0	1000	0	1000	0	0.5	0.6
phylter-k200-island_0	1495	0	505	0	0.2525	0.9900990099009901
phylter-k200-island_0	1750	0	250	0	0.125	0.804
phylter-k200-island_0	1697	0	303	0	0.1515	0.9900990099009901
phylter-k200-island_0	1375	0	625	0	0.3125	0.8016
phylter-k200-island_0	1500	0	500	0	0.25	0.6
phylter-k200-island_0	1167	0	833	0	0.4165	0.6002400960384153
phylter-k200-island_0	1892	7	12	89	0.0505	0.9900990099009901
phylter-k200-island_0	1596	0	404	0	0.202	0.9900990099009901
phylter-k200-island_0	1495	0	505	0	0.2525	0.9900990099009901
phylter-k200-island_0	1500	0	500	0	0.25	0.802
phylter-k200-island_0	1167	0	833	0	0.4165	0.6002400960384153
phylter-k200-island_0	1334	0	666	0	0.333	0.6006006006006006
phylter-k200-island_0	1863	12	29	96	0.0625	0.808
phylter-k200-island_0	1628	69	4	299	0.1515	0.9900990099009901
phylter-k200-island_0	1596	0	404	0	0.202	0.9900990099009901
phylter-k200-island_0	1334	0	666	0	0.333	0.6006006006006006
phylter-k200-island_0	1875	0	53	72	0.0625	0.808
phylter-k200-island_0	1375	0	625	0	0.3125	0.8016
phylter-k200-island_0	1788	10	9	193	0.101	0.9900990099009901
phylter-k200-island_0	1899	0	101	0	0.0505	0.9900990099009901
phylter-k200-island_0	1899	0	101	0	0.0505	0.9900990099009901
phylter-k200-island_0	1167	0	833	0	0.4165	0.6002400960384153
phylter-k200-island_0	1167	0	833	0	0.4165	0.6002400960384153
phylter-k200-island_0	1667	0	333	0	0.1665	0.6006006006006006
phylter-k200-island_0	1394	0	606	0	0.303	0.9900990099009901
phylter-k200-island_0	1697	0	303	0	0.1515	0.9900990099009901
phylter-k200-island_0	1495	0	505	0	0.2525	0.9900990099009901
phylter-k200-island_0	1500	0	500	0	0.25	0.6
phylter-k200-island_0	1899	0	101	0	0.0505	0.9900990099009901
phylter-k200-island_0	1798	0	202	0	0.101	0.9900990099009901
phylter-k200-island_0	1167	0	833	0	0.4165	0.6002400960384153
phylter-k200-island_0	1893	6	11	90	0.0505	0.9900990099009901
phylter-k200-island_0	1500	0	500	0	0.25	0.6
phylter-k200-island_0	1789	9	4	198	0.101	0.9900990099009901
phylter-k200-island_0	1874	1	109	16	0.0625	0.808
phylter-k200-island_0	1394	0	606	0	0.303	0.9900990099009901
phylter-k200-island_0	1667	0	321	12	0.1665	0.6006006006006006
phylter-k200-island_0	1495	0	505	0	0.2525	0.9900990099009901
phylter-k200-island_0	1695	2	37	266	0.1515	0.9900990099009901
phylter-k200-island_0	1750	0	250	0	0.125	0.804
phylter-k200-island_0	1500	0	500	0	0.25	0.6
phylter-k200-island_0	1750	0	250	0	0.125	0.804
phylter-k200-island_0	1667	0	333	0	0.1665	0.6006006006006006
phylter-k200-island_0	1500	0	500	0	0.25	0.802
phylter-k200-island_0	1875	0	123	2	0.0625	0.808
phylter-k200-island_0	1697	0	303	0	0.1515	0.9900990099009901
phylter-k200-island_0	1750	0	250	0	0.125	0.804
phylter-k200-island_0	1662	5	138	195	0.1665	0.6006006006006006
phylter-k200-island_0	1500	0	500	0	0.25	0.6
phylter-k200-island_0	1500	0	500	0	0.25	0.802
phylter-k200-island_0	1334	0	666	0	0.333	0.6006006006006006
phylter-k200-island_0	1875	0	125	0	0.0625	0.808
phylter-k200-island_0	1834	0	166	0	0.083	0.6024096385542168
phylter-k200-island_0	1626	0	374	0	0.187	0.8021390374331551
phylter-k200-island_0	1251	0	749	0	0.3745	0.801068090787717
phylter-k200-island_0	1626	0	328	46	0.187	0.8021390374331551
phylter-k200-island_0	1833	1	166	0	0.083	0.6024096385542168
phylter-k200-island_0	1251	0	749	0	0.3745	0.801068090787717
phylter-k200-island_0	1334	0	666	0	0.333	0.6006006006006006
phylter-k200-island_0	1873	2	24	101	0.0625	0.808
phylter-k200-island_0	1500	0	500	0	0.25	0.802
phylter-k200-island_0	1714	36	49	201	0.125	0.804
phylter-k200-island_0	1816	18	68	98	0.083	0.6024096385542168
phylter-k200-island_0	1500	0	500	0	0.25	0.802
phylter-k200-island_0	1750	0	250	0	0.125	0.804
phylter-k200-island_0	1000	0	1000	0	0.5	0.6
phylter-k200-island_0	1667	0	333	0	0.1665	0.6006006006006006
phylter-k200-island_0	1394	0	606	0	0.303	0.9900990099009901
phylter-k200-island_0	1626	0	374	0	0.187	0.8021390374331551
phylter-k200-island_0	1375	0	625	0	0.3125	0.8016
phylter-k200-island_0	1746	4	58	192	0.125	0.804
phylter-k200-island_0	1667	0	331	2	0.1665	0.6006006006006006
phylter-k200-island_0	1000	0	1000	0	0.5	0.6
phylter-k200-island_0	1500	0	500	0	0.25	0.802
phylter-k200-island_0	1500	0	500	0	0.25	0.802
phylter-k200-island_0	1375	0	625	0	0.3125	0.8016
phylter-k200-island_0	1626	0	374	0	0.187	0.8021390374331551
phylter-k200-island_0	1500	0	500	0	0.25	0.802
phylter-k200-island_0	1596	0	404	0	0.202	0.9900990099009901
phylter-k200-island_0	1834	0	81	85	0.083	0.6024096385542168
phylter-k200-island_0	1251	0	749	0	0.3745	0.801068090787717
phylter-k200-island_0	1596	0	404	0	0.202	0.9900990099009901
phylter-k200-island_0	1834	0	158	8	0.083	0.6024096385542168
phylter-k200-island_0	1251	0	749	0	0.3745	0.801068090787717
phylter-k200-island_0	1626	0	374	0	0.187	0.8021390374331551
phylter-k200-island_0	1375	0	625	0	0.3125	0.8016
phylter-k200-island_0	1500	0	500	0	0.25	0.802
phylter-k200-island_0	1000	0	1000	0	0.5	0.6
phylter-k200-island_0	1495	0	505	0	0.2525	0.9900990099009901
phylter-k200-island_0	1596	0	404	0	0.202	0.9900990099009901
phylter-k200-island_0	1750	0	250	0	0.125	0.804
phylter-k200-island_0	1626	0	374	0	0.187	0.8021390374331551
phylter-k200-island_0	1866	9	47	78	0.0625	0.808
phylter-k200-island_0	1500	0	500	0	0.25	0.802
phylter-k200-island_0	1375	0	625	0	0.3125	0.8016
phylter-k200-island_0	1000	0	1000	0	0.5	0.6
phylter-k200-island_0	1167	0	833	0	0.4165	0.6002400960384153
phylter-k200-island_0	1000	0	1000	0	0.5	0.6
phylter-k200-island_0	1375	0	625	0	0.3125	0.8016
phylter-k200-island_0	1899	0	101	0	0.0505	0.9900990099009901
phylter-k200-island_0	1167	0	833	0	0.4165	0.6002400960384153
phylter-k200-island_0	1596	0	404	0	0.202	0.9900990099009901
phylter-k200-island_0	1691	6	15	288	0.1515	0.9900990099009901
phylter-k200-island_0	1875	0	125	0	0.0625	0.808
phylter-k200-island_0	1500	0	500	0	0.25	0.802
phylter-k200-island_0	1626	0	374	0	0.187	0.8021390374331551
phylter-k200-island_0	1896	3	5	96	0.0505	0.9900990099009901
phylter-k200-island_0	1394	0	606	0	0.303	0.9900990099009901
phylter-k200-island_0	1495	0	505	0	0.2525	0.9900990099009901
phylter-k200-island_0	1697	0	303	0	0.1515	0.9900990099009901
phylter-k200-island_0	1750	0	250	0	0.125	0.804
phylter-k200-island_0	1500	0	500	0	0.25	0.802
phylter-k200-island_0	1875	0	125	0	0.0625	0.808
phylter-k200-island_0	1394	0	606	0	0.303	0.9900990099009901
phylter-k200-island_0	1750	0	250	0	0.125	0.804
phylter-k200-island_0	1697	0	303	0	0.1515	0.9900990099009901
phylter-k200-island_0	1495	0	505	0	0.2525	0.9900990099009901
phylter-k200-island_0	1167	0	833	0	0.4165	0.6002400960384153
phylter-k200-island_0	1899	0	101	0	0.0505	0.9900990099009901
phylter-k200-island_0	1626	0	374	0	0.187	0.8021390374331551
phylter-k200-island_0	1394	0	606	0	0.303	0.9900990099009901
phylter-k200-island_0	1831	3	132	34	0.083	0.6024096385542168
phylter-k200-island_0	1834	0	166	0	0.083	0.6024096385542168
phylter-k200-island_0	1621	5	101	273	0.187	0.8021390374331551
phylter-k200-island_0	1795	3	3	199	0.101	0.9900990099009901
phylter-k200-island_0	1394	0	606	0	0.303	0.9900990099009901
phylter-k200-island_0	1334	0	666	0	0.333	0.6006006006006006
phylter-k200-island_0	1334	0	666	0	0.333	0.6006006006006006
phylter-k200-island_0	1565	61	73	301	0.187	0.8021390374331551
phylter-k200-island_0	1394	0	606	0	0.303	0.9900990099009901
phylter-k200-island_0	1834	0	166	0	0.083	0.6024096385542168
phylter-k200-island_0	1798	0	202	0	0.101	0.9900990099009901
phylter-k200-island_0	1495	0	505	0	0.2525	0.9900990099009901
phylter-k200-island_0	1334	0	666	0	0.333	0.6006006006006006
phylter-k200-island_0	1394	0	606	0	0.303	0.9900990099009901
phylter-k200-island_0	1000	0	1000	0	0.5	0.6
phylter-k200-island_0	1656	11	133	200	0.1665	0.6006006006006006
phylter-k200-island_0	1798	0	202	0	0.101	0.9900990099009901
phylter-k200-island_0	1500	0	500	0	0.25	0.6
phylter-k200-island_0	1833	1	74	92	0.083	0.6024096385542168
phylter-k200-island_0	1798	0	202	0	0.101	0.9900990099009901
phylter-k200-island_0	1500	0	500	0	0.25	0.6
phylter-k200-island_0	1495	0	505	0	0.2525	0.9900990099009901
phylter-k200-island_0	1000	0	1000	0	0.5	0.6
phylter-k200-island_0	1667	0	333	0	0.1665	0.6006006006006006
phylter-k200-island_0	1394	0	606	0	0.303	0.9900990099009901
phylter-k200-island_0	1500	0	500	0	0.25	0.6
phylter-k200-island_0	1834	0	166	0	0.083	0.6024096385542168
phylter-k200-island_0	1251	0	749	0	0.3745	0.801068090787717
phylter-k200-island_0	1875	0	125	0	0.0625	0.808
phylter-k200-island_0	1334	0	666	0	0.333	0.6006006006006006
phylter-k200-island_0	1664	3	143	190	0.1665	0.6006006006006006
phylter-k200-island_0	1000	0	1000	0	0.5	0.6
phylter-k200-island_0	1868	7	29	96	0.0625	0.808
phylter-k200-island_0	1334	0	666	0	0.333	0.6006006006006006
phylter-k200-island_0	1626	0	374	0	0.187	0.8021390374331551
phylter-k200-island_0	1394	0	606	0	0.303	0.9900990099009901
phylter-k200-island_0	1834	0	166	0	0.083	0.6024096385542168
phylter-k200-island_0	1251	0	749	0	0.3745	0.801068090787717
phylter-k200-island_0	1495	0	505	0	0.2525	0.9900990099009901
phylter-k200-island_0	1697	0	303	0	0.1515	0.9900990099009901
phylter-k200-island_0	1741	9	49	201	0.125	0.804
phylter-k200-island_0	1875	0	125	0	0.0625	0.808
phylter-k200-island_0	1500	0	500	0	0.25	0.802
phylter-k200-island_0	1000	0	1000	0	0.5	0.6
phylter-k200-island_0	1667	0	333	0	0.1665	0.6006006006006006
phylter-k200-island_0	1798	0	202	0	0.101	0.9900990099009901
phylter-k200-island_0	1251	0	749	0	0.3745	0.801068090787717
phylter-k200-island_0	1697	0	303	0	0.1515	0.9900990099009901
phylter-k200-island_0	1167	0	833	0	0.4165	0.6002400960384153
phylter-k200-island_0	1500	0	500	0	0.25	0.6
phylter-k200-island_0	1898	1	8	93	0.0505	0.9900990099009901
phylter-k200-island_0	1880	19	12	89	0.0505	0.9900990099009901
phylter-k200-island_0	1500	0	500	0	0.25	0.6
phylter-k200-island_0	1697	0	303	0	0.1515	0.9900990099009901
phylter-k200-island_0	1750	0	250	0	0.125	0.804
phylter-k200-island_0	1697	0	303	0	0.1515	0.9900990099009901
phylter-k200-island_0	1495	0	505	0	0.2525	0.9900990099009901
phylter-k200-island_0	1000	0	1000	0	0.5	0.6
phylter-k200-island_0	1667	0	333	0	0.1665	0.6006006006006006
phylter-k200-island_0	1898	1	81	20	0.0505	0.9900990099009901
phylter-k200-island_0	1167	0	833	0	0.4165	0.6002400960384153
phylter-k200-island_0	1697	0	303	0	0.1515	0.9900990099009901
phylter-k200-island_0	1375	0	625	0	0.3125	0.8016
phylter-k200-island_0	1251	0	749	0	0.3745	0.801068090787717
phylter-k200-island_0	1334	0	666	0	0.333	0.6006006006006006
phylter-k200-island_0	1867	8	29	96	0.0625	0.808
phylter-k200-island_0	1798	0	199	3	0.101	0.9900990099009901
phylter-k200-island_0	1500	0	500	0	0.25	0.802
phylter-k200-island_0	1697	0	303	0	0.1515	0.9900990099009901
phylter-k200-island_0	1596	0	404	0	0.202	0.9900990099009901
phylter-k200-island_0	1798	0	195	7	0.101	0.9900990099009901
phylter-k200-island_0	1500	0	500	0	0.25	0.802
phylter-k200-island_0	1334	0	666	0	0.333	0.6006006006006006
phylter-k200-island_0	1875	0	125	0	0.0625	0.808
phylter-k200-island_0	1596	0	404	0	0.202	0.9900990099009901
phylter-k200-island_0	1748	2	63	187	0.125	0.804
phylter-k200-island_0	1495	0	505	0	0.2525	0.9900990099009901
phylter-k200-island_0	1167	0	833	0	0.4165	0.6002400960384153
phylter-k200-island_0	1375	0	625	0	0.3125	0.8016
phylter-k200-island_0	1251	0	749	0	0.3745	0.801068090787717
phylter-k200-island_0	1899	0	101	0	0.0505	0.9900990099009901
phylter-k200-island_0	1394	0	606	0	0.303	0.9900990099009901
phylter-k200-island_0	1750	0	205	45	0.125	0.804
phylter-k200-island_0	1697	0	297	6	0.1515	0.9900990099009901
phylter-k200-island_0	1495	0	505	0	0.2525	0.9900990099009901
phylter-k200-island_0	1394	0	606	0	0.303	0.9900990099009901
phylter-k200-island_0	1500	0	500	0	0.25	0.802
phylter-k200-island_0	1873	2	122	3	0.0625	0.808
phylter-k200-island_0	1495	0	505	0	0.2525	0.9900990099009901
phylter-k200-island_0	1697	0	303	0	0.1515	0.9900990099009901
phylter-k200-island_0	1750	0	229	21	0.125	0.804
phylter-k200-island_0	1167	0	833	0	0.4165	0.6002400960384153
phylter-k200-island_0	1899	0	101	0	0.0505	0.9900990099009901
phylter-k200-island_0	1596	0	404	0	0.202	0.9900990099009901
phylter-k200-island_0	1750	0	250	0	0.125	0.804
phylter-k200-island_0	1495	0	505	0	0.2525	0.9900990099009901
phylter-k200-island_0	1500	0	500	0	0.25	0.802
phylter-k200-island_0	1875	0	125	0	0.0625	0.808
phylter-k200-island_0	1626	0	374	0	0.187	0.8021390374331551
phylter-k200-island_0	1000	0	1000	0	0.5	0.6
phylter-k200-island_0	1375	0	625	0	0.3125	0.8016
phylter-k200-island_0	1167	0	833	0	0.4165	0.6002400960384153
phylter-k200-island_0	1375	0	625	0	0.3125	0.8016
phylter-k200-island_0	1000	0	1000	0	0.5	0.6
phylter-k200-island_0	1898	1	10	91	0.0505	0.9900990099009901
phylter-k200-island_0	1167	0	833	0	0.4165	0.6002400960384153
phylter-k200-island_0	1697	0	303	0	0.1515	0.9900990099009901
phylter-k200-island_0	1596	0	404	0	0.202	0.9900990099009901
phylter-k200-island_0	1626	0	374	0	0.187	0.8021390374331551
phylter-k200-island_0	1875	0	121	4	0.0625	0.808
phylter-k200-island_0	1500	0	500	0	0.25	0.802
phylter-k200-island_0	1798	0	202	0	0.101	0.9900990099009901
phylter-k200-island_0	1334	0	666	0	0.333	0.6006006006006006
phylter-k200-island_0	1393	1	606	0	0.303	0.9900990099009901
phylter-k200-island_0	1626	0	374	0	0.187	0.8021390374331551
phylter-k200-island_0	1394	0	606	0	0.303	0.9900990099009901
phylter-k200-island_0	1000	0	1000	0	0.5	0.6
phylter-k200-island_0	1334	0	666	0	0.333	0.6006006006006006
phylter-k200-island_0	1833	1	155	11	0.083	0.6024096385542168
phylter-k200-island_0	1798	0	202	0	0.101	0.9900990099009901
phylter-k200-island_0	1626	0	374	0	0.187	0.8021390374331551
phylter-k200-island_0	1394	0	606	0	0.303	0.9900990099009901
phylter-k200-island_0	1816	18	65	101	0.083	0.6024096385542168
phylter-k200-island_0	1834	0	83	83	0.083	0.6024096385542168
phylter-k200-island_0	1626	0	374	0	0.187	0.8021390374331551
phylter-k200-island_0	1834	0	166	0	0.083	0.6024096385542168
phylter-k200-island_0	1500	0	500	0	0.25	0.6
phylter-k200-island_0	1251	0	749	0	0.3745	0.801068090787717
phylter-k200-island_0	1667	0	333	0	0.1665	0.6006006006006006
phylter-k200-island_0	1875	0	31	94	0.0625	0.808
phylter-k200-island_0	1334	0	666	0	0.333	0.6006006006006006
phylter-k200-island_0	1394	0	606	0	0.303	0.9900990099009901
phylter-k200-island_0	1874	1	125	0	0.0625	0.808
phylter-k200-island_0	1334	0	666	0	0.333	0.6006006006006006
phylter-k200-island_0	1000	0	1000	0	0.5	0.6
phylter-k200-island_0	1832	2	66	100	0.083	0.6024096385542168
phylter-k200-island_0	1251	0	749	0	0.3745	0.801068090787717
phylter-k200-island_0	1495	0	505	0	0.2525	0.9900990099009901
phylter-k200-island_0	1000	0	1000	0	0.5	0.6
phylter-k200-island_0	1667	0	333	0	0.1665	0.6006006006006006
phylter-k200-island_0	1394	0	606	0	0.303	0.9900990099009901
phylter-k200-island_0	1334	0	666	0	0.333	0.6006006006006006
phylter-k200-island_0	1764	34	2	200	0.101	0.9900990099009901
phylter-k200-island_0	1834	0	166	0	0.083	0.6024096385542168
phylter-k200-island_0	1500	0	500	0	0.25	0.6
phylter-k200-island_0	1798	0	202	0	0.101	0.9900990099009901
phylter-k200-island_0	1500	0	500	0	0.25	0.6
phylter-k200-island_0	1495	0	505	0	0.2525	0.9900990099009901
phylter-k200-island_0	1394	0	606	0	0.303	0.9900990099009901
phylter-k200-island_0	1000	0	1000	0	0.5	0.6
phylter-k200-island_0	1667	0	333	0	0.1665	0.6006006006006006
phylter-k200-island_0	1697	0	303	0	0.1515	0.9900990099009901
phylter-k200-island_0	1899	0	95	6	0.0505	0.9900990099009901
phylter-k200-island_0	1167	0	833	0	0.4165	0.6002400960384153
phylter-k200-island_0	1251	0	749	0	0.3745	0.801068090787717
phylter-k200-island_0	1375	0	625	0	0.3125	0.8016
phylter-k200-island_0	1798	0	202	0	0.101	0.9900990099009901
phylter-k200-island_0	1500	0	500	0	0.25	0.802
phylter-k200-island_0	1334	0	666	0	0.333	0.6006006006006006
phylter-k200-island_0	1875	0	43	82	0.0625	0.808
phylter-k200-island_0	1596	0	404	0	0.202	0.9900990099009901
phylter-k200-island_0	1697	0	303	0	0.1515	0.9900990099009901
phylter-k200-island_0	1334	0	666	0	0.333	0.6006006006006006
phylter-k200-island_0	1875	0	125	0	0.0625	0.808
phylter-k200-island_0	1500	0	500	0	0.25	0.802
phylter-k200-island_0	1495	0	505	0	0.2525	0.9900990099009901
phylter-k200-island_0	1596	0	404	0	0.202	0.9900990099009901
phylter-k200-island_0	1750	0	250	0	0.125	0.804
phylter-k200-island_0	1167	0	833	0	0.4165	0.6002400960384153
phylter-k200-island_0	1251	0	749	0	0.3745	0.801068090787717
phylter-k200-island_0	1375	0	625	0	0.3125	0.8016
phylter-k200-island_0	1734	16	49	201	0.125	0.804
phylter-k200-island_0	1697	0	303	0	0.1515	0.9900990099009901
phylter-k200-island_0	1495	0	505	0	0.2525	0.9900990099009901
phylter-k200-island_0	1000	0	1000	0	0.5	0.6
phylter-k200-island_0	1662	5	193	140	0.1665	0.6006006006006006
phylter-k200-island_0	1500	0	500	0	0.25	0.802
phylter-k200-island_0	1798	0	202	0	0.101	0.9900990099009901
phylter-k200-island_0	1858	17	26	99	0.0625	0.808
phylter-k200-island_0	1251	0	749	0	0.3745	0.801068090787717
phylter-k200-island_0	1167	0	833	0	0.4165	0.6002400960384153
phylter-k200-island_0	1899	0	101	0	0.0505	0.9900990099009901
phylter-k200-island_0	1500	0	500	0	0.25	0.6
phylter-k200-island_0	1697	0	303	0	0.1515	0.9900990099009901
phylter-k200-island_0	1500	0	500	0	0.25	0.6
phylter-k200-island_0	1897	2	76	25	0.0505	0.9900990099009901
phylter-k200-island_0	1495	0	505	0	0.2525	0.9900990099009901
phylter-k200-island_0	1697	0	303	0	0.1515	0.9900990099009901
phylter-k200-island_0	1750	0	250	0	0.125	0.804
phylter-k200-island_0	1000	0	1000	0	0.5	0.6
phylter-k200-island_0	1667	0	333	0	0.1665	0.6006006006006006
phylter-k200-island_0	1394	0	606	0	0.303	0.9900990099009901
phylter-k200-island_0	1000	0	1000	0	0.5	0.6
phylter-k200-island_0	1495	0	505	0	0.2525	0.9900990099009901
phylter-k200-island_0	1697	0	303	0	0.1515	0.9900990099009901
phylter-k200-island_0	1596	0	404	0	0.202	0.9900990099009901
phylter-k200-island_0	1899	0	101	0	0.0505	0.9900990099009901
phylter-k200-island_0	1798	0	202	0	0.101	0.9900990099009901
phylter-k200-island_0	1899	0	16	85	0.0505	0.9900990099009901
phylter-k200-island_0	1796	2	194	8	0.101	0.9900990099009901
phylter-k200-island_0	1375	0	625	0	0.3125	0.8016
phylter-k200-island_0	1000	0	1000	0	0.5	0.6
phylter-k200-island_0	1394	0	606	0	0.303	0.9900990099009901
phylter-k200-island_0	1626	0	374	0	0.187	0.8021390374331551
phylter-k200-island_0	1697	0	303	0	0.1515	0.9900990099009901
phylter-k200-island_0	1495	0	505	0	0.2525	0.9900990099009901
phylter-k200-island_0	1750	0	250	0	0.125	0.804
phylter-k200-island_0	1250	1	749	0	0.3745	0.801068090787717
phylter-k200-island_0	1375	0	625	0	0.3125	0.8016
phylter-k200-island_0	1834	0	166	0	0.083	0.6024096385542168
phylter-k200-island_0	1167	0	833	0	0.4165	0.6002400960384153
phylter-k200-island_0	1596	0	404	0	0.202	0.9900990099009901
phylter-k200-island_0	1394	0	606	0	0.303	0.9900990099009901
phylter-k200-island_0	1626	0	374	0	0.187	0.8021390374331551
phylter-k200-island_0	1000	0	1000	0	0.5	0.6
phylter-k200-island_0	1596	0	404	0	0.202	0.9900990099009901
phylter-k200-island_0	1750	0	250	0	0.125	0.804
phylter-k200-island_0	1626	0	374	0	0.187	0.8021390374331551
phylter-k200-island_0	1251	0	749	0	0.3745	0.801068090787717
phylter-k200-island_0	1375	0	625	0	0.3125	0.8016
phylter-k200-island_0	1827	7	71	95	0.083	0.6024096385542168
phylter-k200-island_0	1167	0	833	0	0.4165	0.6002400960384153
phylter-k200-island_0	1394	0	606	0	0.303	0.9900990099009901
phylter-k200-island_0	1667	0	333	0	0.1665	0.6006006006006006
phylter-k200-island_0	1167	0	833	0	0.4165	0.6002400960384153
phylter-k200-island_0	1495	0	505	0	0.2525	0.9900990099009901
phylter-k200-island_0	1697	0	303	0	0.1515	0.9900990099009901
phylter-k200-island_0	1899	0	86	15	0.0505	0.9900990099009901
phylter-k200-island_0	1500	0	500	0	0.25	0.6
phylter-k200-island_0	1798	0	202	0	0.101	0.9900990099009901
phylter-k200-island_0	1167	0	833	0	0.4165	0.6002400960384153
phylter-k200-island_0	1500	0	500	0	0.25	0.6
phylter-k200-island_0	1899	0	16	85	0.0505	0.9900990099009901
phylter-k200-island_0	1795	3	157	45	0.101	0.9900990099009901
phylter-k200-island_0	1167	0	833	0	0.4165	0.6002400960384153
phylter-k200-island_0	1658	9	133	200	0.1665	0.6006006006006006
phylter-k200-island_0	1394	0	606	0	0.303	0.9900990099009901
phylter-k200-island_0	1875	0	125	0	0.0625	0.808
phylter-k200-island_0	1697	0	303	0	0.1515	0.9900990099009901
phylter-k200-island_0	1495	0	505	0	0.2525	0.9900990099009901
phylter-k200-island_0	1375	0	625	0	0.3125	0.8016
phylter-k200-island_0	1899	0	101	0	0.0505	0.9900990099009901
phylter-k200-island_0	1167	0	833	0	0.4165	0.6002400960384153
phylter-k200-island_0	1500	0	500	0	0.25	0.6
phylter-k200-island_0	1495	0	505	0	0.2525	0.9900990099009901
phylter-k200-island_0	1596	0	404	0	0.202	0.9900990099009901
phylter-k200-island_0	1334	0	666	0	0.333	0.6006006006006006
phylter-k200-island_0	1873	2	115	10	0.0625	0.808
phylter-k200-island_0	1167	0	833	0	0.4165	0.6002400960384153
phylter-k200-island_0	1596	0	404	0	0.202	0.9900990099009901
phylter-k200-island_0	1697	0	303	0	0.1515	0.9900990099009901
phylter-k200-island_0	1334	0	666	0	0.333	0.6006006006006006
phylter-k200-island_0	1875	0	125	0	0.0625	0.808
phylter-k200-island_0	1798	0	202	0	0.101	0.9900990099009901
phylter-k200-island_0	1375	0	625	0	0.3125	0.8016
phylter-k200-island_0	1500	0	500	0	0.25	0.6
phylter-k200-island_0	1881	18	2	99	0.0505	0.9900990099009901
phylter-k200-island_0	1167	0	833	0	0.4165	0.6002400960384153
phylter-k200-island_0	1899	0	68	33	0.0505	0.9900990099009901
phylter-k200-island_0	1334	0	666	0	0.333	0.6006006006006006
phylter-k200-island_0	1875	0	125	0	0.0625	0.808
phylter-k200-island_0	1500	0	500	0	0.25	0.802
phylter-k200-island_0	1626	0	374	0	0.187	0.8021390374331551
phylter-k200-island_0	1834	0	166	0	0.083	0.6024096385542168
phylter-k200-island_0	1251	0	749	0	0.3745	0.801068090787717
phylter-k200-island_0	1830	4	77	89	0.083	0.6024096385542168
phylter-k200-island_0	1167	0	833	0	0.4165	0.6002400960384153
phylter-k200-island_0	1626	0	374	0	0.187	0.8021390374331551
phylter-k200-island_0	1251	0	749	0	0.3745	0.801068090787717
phylter-k200-island_0	1500	0	500	0	0.25	0.802
phylter-k200-island_0	1334	0	666	0	0.333	0.6006006006006006
phylter-k200-island_0	1873	2	26	99	0.0625	0.808
phylter-k200-island_0	1750	0	250	0	0.125	0.804
phylter-k200-island_0	1500	0	500	0	0.25	0.6
phylter-k200-island_0	1495	0	505	0	0.2525	0.9900990099009901
phylter-k200-island_0	1750	0	250	0	0.125	0.804
phylter-k200-island_0	1874	1	41	84	0.0625	0.808
phylter-k200-island_0	1500	0	500	0	0.25	0.802
phylter-k200-island_0	1667	0	333	0	0.1665	0.6006006006006006
phylter-k200-island_0	1738	12	53	197	0.125	0.804
phylter-k200-island_0	1667	0	333	0	0.1665	0.6006006006006006
phylter-k200-island_0	1899	0	101	0	0.0505	0.9900990099009901
phylter-k200-island_0	1500	0	491	9	0.25	0.6
phylter-k200-island_0	1626	0	374	0	0.187	0.8021390374331551
phylter-k200-island_0	1375	0	625	0	0.3125	0.8016
phylter-k200-island_0	1500	0	500	0	0.25	0.802
phylter-k200-island_0	1596	0	404	0	0.202	0.9900990099009901
phylter-k200-island_0	1827	7	70	96	0.083	0.6024096385542168
phylter-k200-island_0	1500	0	500	0	0.25	0.802
phylter-k200-island_0	1251	0	749	0	0.3745	0.801068090787717
phylter-k200-island_0	1596	0	404	0	0.202	0.9900990099009901
phylter-k200-island_0	1834	0	166	0	0.083	0.6024096385542168
phylter-k200-island_0	1251	0	749	0	0.3745	0.801068090787717
phylter-k200-island_0	1000	0	1000	0	0.5	0.6
phylter-k200-island_0	1500	0	500	0	0.25	0.802
phylter-k200-island_0	1626	0	374	0	0.187	0.8021390374331551
phylter-k200-island_0	1500	0	500	0	0.25	0.802
phylter-k200-island_0	1834	0	166	0	0.083	0.6024096385542168
phylter-k200-island_0	1750	0	222	28	0.125	0.804
phylter-k200-island_0	1375	0	625	0	0.3125	0.8016
phylter-k200-island_0	1657	10	144	189	0.1665	0.6006006006006006
phylter-k200-island_0	1626	0	374	0	0.187	0.8021390374331551
phylter-k200-island_0	1000	0	1000	0	0.5	0.6
phylter-k200-island_0	1750	0	250	0	0.125	0.804
phylter-k200-island_0	1000	0	1000	0	0.5	0.6
phylter-k200-island_0	1667	0	139	194	0.1665	0.6006006006006006
