phlag_0010-c_min25max81	1566	232	2	200	0.101	0.9900990099009901
phlag_0010-c_min25max81	1612	55	73	260	0.1665	0.6006006006006006
phlag_0010-c_min25max81	1696	1	1	302	0.1515	0.9900990099009901
phlag_0010-c_min25max81	1504	163	58	275	0.1665	0.6006006006006006
phlag_0010-c_min25max81	1794	4	1	201	0.101	0.9900990099009901
phlag_0010-c_min25max81	1572	262	22	144	0.083	0.6024096385542168
phlag_0010-c_min25max81	812	688	146	354	0.25	0.6
phlag_0010-c_min25max81	1394	0	3	603	0.303	0.9900990099009901
phlag_0010-c_min25max81	1295	200	1	504	0.2525	0.9900990099009901
phlag_0010-c_min25max81	1539	57	1	403	0.202	0.9900990099009901
phlag_0010-c_min25max81	1740	94	48	118	0.083	0.6024096385542168
phlag_0010-c_min25max81	1114	137	110	639	0.3745	0.801068090787717
phlag_0010-c_min25max81	1764	70	31	135	0.083	0.6024096385542168
phlag_0010-c_min25max81	1139	28	330	503	0.4165	0.6002400960384153
phlag_0010-c_min25max81	1246	421	109	224	0.1665	0.6006006006006006
phlag_0010-c_min25max81	1697	0	0	303	0.1515	0.9900990099009901
phlag_0010-c_min25max81	725	275	295	705	0.5	0.6
phlag_0010-c_min25max81	1331	44	83	542	0.3125	0.8016
phlag_0010-c_min25max81	1224	27	149	600	0.3745	0.801068090787717
phlag_0010-c_min25max81	1443	57	152	348	0.25	0.6
phlag_0010-c_min25max81	1448	178	55	319	0.187	0.8021390374331551
phlag_0010-c_min25max81	1204	695	2	99	0.0505	0.9900990099009901
phlag_0010-c_min25max81	1495	0	1	504	0.2525	0.9900990099009901
phlag_0010-c_min25max81	1495	0	4	501	0.2525	0.9900990099009901
phlag_0010-c_min25max81	1651	183	36	130	0.083	0.6024096385542168
phlag_0010-c_min25max81	1727	71	2	200	0.101	0.9900990099009901
phlag_0010-c_min25max81	1584	42	26	348	0.187	0.8021390374331551
phlag_0010-c_min25max81	1642	233	8	117	0.0625	0.808
phlag_0010-c_min25max81	1332	2	271	395	0.333	0.6006006006006006
phlag_0010-c_min25max81	1235	99	233	433	0.333	0.6006006006006006
phlag_0010-c_min25max81	1650	225	9	116	0.0625	0.808
phlag_0010-c_min25max81	987	13	402	598	0.5	0.6
phlag_0010-c_min25max81	1240	427	85	248	0.1665	0.6006006006006006
phlag_0010-c_min25max81	1697	0	2	301	0.1515	0.9900990099009901
phlag_0010-c_min25max81	1875	0	2	123	0.0625	0.808
phlag_0010-c_min25max81	1744	6	42	208	0.125	0.804
phlag_0010-c_min25max81	1695	2	0	303	0.1515	0.9900990099009901
phlag_0010-c_min25max81	1307	491	56	146	0.101	0.9900990099009901
phlag_0010-c_min25max81	1626	0	71	303	0.187	0.8021390374331551
phlag_0010-c_min25max81	1367	27	3	603	0.303	0.9900990099009901
phlag_0010-c_min25max81	1766	32	0	202	0.101	0.9900990099009901
phlag_0010-c_min25max81	776	391	217	616	0.4165	0.6002400960384153
phlag_0010-c_min25max81	951	49	383	617	0.5	0.6
phlag_0010-c_min25max81	1736	163	0	101	0.0505	0.9900990099009901
phlag_0010-c_min25max81	1374	1	116	509	0.3125	0.8016
phlag_0010-c_min25max81	1750	0	24	226	0.125	0.804
phlag_0010-c_min25max81	961	534	11	494	0.2525	0.9900990099009901
phlag_0010-c_min25max81	1392	2	6	600	0.303	0.9900990099009901
phlag_0010-c_min25max81	991	9	380	620	0.5	0.6
phlag_0010-c_min25max81	1387	7	0	606	0.303	0.9900990099009901
phlag_0010-c_min25max81	1032	802	47	119	0.083	0.6024096385542168
phlag_0010-c_min25max81	1796	38	47	119	0.083	0.6024096385542168
phlag_0010-c_min25max81	1307	27	241	425	0.333	0.6006006006006006
phlag_0010-c_min25max81	1665	2	169	164	0.1665	0.6006006006006006
phlag_0010-c_min25max81	1102	648	27	223	0.125	0.804
phlag_0010-c_min25max81	1665	2	134	199	0.1665	0.6006006006006006
phlag_0010-c_min25max81	1698	177	6	119	0.0625	0.808
phlag_0010-c_min25max81	960	737	49	254	0.1515	0.9900990099009901
phlag_0010-c_min25max81	1705	194	1	100	0.0505	0.9900990099009901
phlag_0010-c_min25max81	1742	8	42	208	0.125	0.804
phlag_0010-c_min25max81	1338	162	150	350	0.25	0.6
phlag_0010-c_min25max81	1271	104	62	563	0.3125	0.8016
phlag_0010-c_min25max81	1762	113	4	121	0.0625	0.808
phlag_0010-c_min25max81	1798	0	0	202	0.101	0.9900990099009901
phlag_0010-c_min25max81	1209	125	213	453	0.333	0.6006006006006006
phlag_0010-c_min25max81	1657	10	111	222	0.1665	0.6006006006006006
phlag_0010-c_min25max81	1061	106	283	550	0.4165	0.6002400960384153
phlag_0010-c_min25max81	1154	180	244	422	0.333	0.6006006006006006
phlag_0010-c_min25max81	932	68	348	652	0.5	0.6
phlag_0010-c_min25max81	1804	30	22	144	0.083	0.6024096385542168
phlag_0010-c_min25max81	1890	9	0	101	0.0505	0.9900990099009901
phlag_0010-c_min25max81	999	1	409	591	0.5	0.6
phlag_0010-c_min25max81	1493	2	0	505	0.2525	0.9900990099009901
phlag_0010-c_min25max81	1443	57	97	403	0.25	0.6
phlag_0010-c_min25max81	1596	0	1	403	0.202	0.9900990099009901
phlag_0010-c_min25max81	1831	3	32	134	0.083	0.6024096385542168
phlag_0010-c_min25max81	1594	103	3	300	0.1515	0.9900990099009901
phlag_0010-c_min25max81	1495	5	476	24	0.25	0.6
phlag_0010-c_min25max81	798	202	372	628	0.5	0.6
phlag_0010-c_min25max81	1750	0	14	236	0.125	0.804
phlag_0010-c_min25max81	1481	19	332	168	0.25	0.6
phlag_0010-c_min25max81	1542	125	72	261	0.1665	0.6006006006006006
phlag_0010-c_min25max81	964	536	169	331	0.25	0.6
phlag_0010-c_min25max81	1332	2	648	18	0.333	0.6006006006006006
phlag_0010-c_min25max81	1496	4	83	417	0.25	0.802
phlag_0010-c_min25max81	1559	108	105	228	0.1665	0.6006006006006006
phlag_0010-c_min25max81	977	23	371	629	0.5	0.6
phlag_0010-c_min25max81	664	503	379	454	0.4165	0.6002400960384153
phlag_0010-c_min25max81	1214	281	3	502	0.2525	0.9900990099009901
phlag_0010-c_min25max81	1862	37	0	101	0.0505	0.9900990099009901
phlag_0010-c_min25max81	1820	79	0	101	0.0505	0.9900990099009901
phlag_0010-c_min25max81	1214	120	192	474	0.333	0.6006006006006006
phlag_0010-c_min25max81	1064	436	60	440	0.25	0.802
phlag_0010-c_min25max81	977	821	8	194	0.101	0.9900990099009901
phlag_0010-c_min25max81	1203	131	213	453	0.333	0.6006006006006006
phlag_0010-c_min25max81	1495	0	469	36	0.2525	0.9900990099009901
phlag_0010-c_min25max81	1238	13	118	631	0.3745	0.801068090787717
phlag_0010-c_min25max81	1596	0	1	403	0.202	0.9900990099009901
phlag_0010-c_min25max81	1697	0	0	303	0.1515	0.9900990099009901
phlag_0010-c_min25max81	1241	10	161	588	0.3745	0.801068090787717
phlag_0010-c_min25max81	1087	610	162	141	0.1515	0.9900990099009901
phlag_0010-c_min25max81	1213	38	77	672	0.3745	0.801068090787717
phlag_0010-c_min25max81	1249	2	117	632	0.3745	0.801068090787717
phlag_0010-c_min25max81	1832	2	59	107	0.083	0.6024096385542168
phlag_0010-c_min25max81	1656	41	0	303	0.1515	0.9900990099009901
phlag_0010-c_min25max81	1743	55	1	201	0.101	0.9900990099009901
phlag_0010-c_min25max81	1527	69	3	401	0.202	0.9900990099009901
phlag_0010-c_min25max81	1316	18	355	311	0.333	0.6006006006006006
phlag_0010-c_min25max81	1626	0	60	314	0.187	0.8021390374331551
phlag_0010-c_min25max81	1487	8	1	504	0.2525	0.9900990099009901
phlag_0010-c_min25max81	945	222	237	596	0.4165	0.6002400960384153
phlag_0010-c_min25max81	1487	8	3	502	0.2525	0.9900990099009901
phlag_0010-c_min25max81	1249	251	61	439	0.25	0.802
phlag_0010-c_min25max81	1530	96	47	327	0.187	0.8021390374331551
phlag_0010-c_min25max81	985	15	391	609	0.5	0.6
phlag_0010-c_min25max81	1257	339	4	400	0.202	0.9900990099009901
phlag_0010-c_min25max81	0	1596	400	4	0.202	0.9900990099009901
phlag_0010-c_min25max81	1798	0	2	200	0.101	0.9900990099009901
phlag_0010-c_min25max81	1581	15	2	402	0.202	0.9900990099009901
phlag_0010-c_min25max81	999	395	5	601	0.303	0.9900990099009901
phlag_0010-c_min25max81	1791	84	10	115	0.0625	0.808
phlag_0010-c_min25max81	1619	78	6	297	0.1515	0.9900990099009901
phlag_0010-c_min25max81	1841	34	0	125	0.0625	0.808
phlag_0010-c_min25max81	965	410	63	562	0.3125	0.8016
phlag_0010-c_min25max81	1790	8	0	202	0.101	0.9900990099009901
phlag_0010-c_min25max81	1166	1	335	498	0.4165	0.6002400960384153
phlag_0010-c_min25max81	1496	4	200	300	0.25	0.6
phlag_0010-c_min25max81	1596	0	0	404	0.202	0.9900990099009901
phlag_0010-c_min25max81	1278	520	1	201	0.101	0.9900990099009901
phlag_0010-c_min25max81	1797	1	0	202	0.101	0.9900990099009901
phlag_0010-c_min25max81	1671	79	24	226	0.125	0.804
phlag_0010-c_min25max81	1834	0	43	123	0.083	0.6024096385542168
phlag_0010-c_min25max81	1236	390	51	323	0.187	0.8021390374331551
phlag_0010-c_min25max81	988	512	291	209	0.25	0.6
phlag_0010-c_min25max81	1225	525	32	218	0.125	0.804
phlag_0010-c_min25max81	1595	72	111	222	0.1665	0.6006006006006006
phlag_0010-c_min25max81	1878	21	0	101	0.0505	0.9900990099009901
phlag_0010-c_min25max81	1495	0	491	14	0.2525	0.9900990099009901
phlag_0010-c_min25max81	1465	131	2	402	0.202	0.9900990099009901
phlag_0010-c_min25max81	1637	113	30	220	0.125	0.804
phlag_0010-c_min25max81	727	440	199	634	0.4165	0.6002400960384153
phlag_0010-c_min25max81	1000	0	334	666	0.5	0.6
phlag_0010-c_min25max81	1295	80	86	539	0.3125	0.8016
phlag_0010-c_min25max81	1077	174	82	667	0.3745	0.801068090787717
phlag_0010-c_min25max81	1130	370	136	364	0.25	0.6
phlag_0010-c_min25max81	1781	17	0	202	0.101	0.9900990099009901
phlag_0010-c_min25max81	1680	118	1	201	0.101	0.9900990099009901
phlag_0010-c_min25max81	1394	0	5	601	0.303	0.9900990099009901
phlag_0010-c_min25max81	1384	10	0	606	0.303	0.9900990099009901
phlag_0010-c_min25max81	1469	31	168	332	0.25	0.6
phlag_0010-c_min25max81	1231	103	226	440	0.333	0.6006006006006006
phlag_0010-c_min25max81	1391	205	3	401	0.202	0.9900990099009901
phlag_0010-c_min25max81	1387	7	541	65	0.303	0.9900990099009901
phlag_0010-c_min25max81	1500	0	82	418	0.25	0.802
phlag_0010-c_min25max81	1489	309	0	202	0.101	0.9900990099009901
phlag_0010-c_min25max81	1898	1	0	101	0.0505	0.9900990099009901
phlag_0010-c_min25max81	1372	128	67	433	0.25	0.802
phlag_0010-c_min25max81	604	891	491	14	0.2525	0.9900990099009901
phlag_0010-c_min25max81	1472	23	3	502	0.2525	0.9900990099009901
phlag_0010-c_min25max81	1088	246	220	446	0.333	0.6006006006006006
phlag_0010-c_min25max81	1386	489	10	115	0.0625	0.808
phlag_0010-c_min25max81	1897	2	0	101	0.0505	0.9900990099009901
phlag_0010-c_min25max81	1798	0	192	10	0.101	0.9900990099009901
phlag_0010-c_min25max81	919	81	366	634	0.5	0.6
phlag_0010-c_min25max81	785	590	66	559	0.3125	0.8016
phlag_0010-c_min25max81	1496	4	442	58	0.25	0.802
phlag_0010-c_min25max81	1404	91	4	501	0.2525	0.9900990099009901
phlag_0010-c_min25max81	1875	0	5	120	0.0625	0.808
phlag_0010-c_min25max81	999	1	389	611	0.5	0.6
phlag_0010-c_min25max81	1613	286	0	101	0.0505	0.9900990099009901
phlag_0010-c_min25max81	1837	38	23	102	0.0625	0.808
phlag_0010-c_min25max81	1616	10	38	336	0.187	0.8021390374331551
phlag_0010-c_min25max81	766	729	14	491	0.2525	0.9900990099009901
phlag_0010-c_min25max81	1375	0	119	506	0.3125	0.8016
phlag_0010-c_min25max81	1440	60	77	423	0.25	0.802
phlag_0010-c_min25max81	895	605	83	417	0.25	0.802
phlag_0010-c_min25max81	1521	105	46	328	0.187	0.8021390374331551
phlag_0010-c_min25max81	1661	6	116	217	0.1665	0.6006006006006006
phlag_0010-c_min25max81	1369	6	618	7	0.3125	0.8016
phlag_0010-c_min25max81	1899	0	0	101	0.0505	0.9900990099009901
phlag_0010-c_min25max81	1791	7	1	201	0.101	0.9900990099009901
phlag_0010-c_min25max81	1339	161	162	338	0.25	0.6
phlag_0010-c_min25max81	1238	96	209	457	0.333	0.6006006006006006
phlag_0010-c_min25max81	1483	17	79	421	0.25	0.802
phlag_0010-c_min25max81	1500	0	58	442	0.25	0.802
phlag_0010-c_min25max81	1307	27	258	408	0.333	0.6006006006006006
phlag_0010-c_min25max81	1564	234	0	202	0.101	0.9900990099009901
phlag_0010-c_min25max81	1394	0	597	9	0.303	0.9900990099009901
phlag_0010-c_min25max81	1375	0	565	60	0.3125	0.8016
phlag_0010-c_min25max81	1619	131	27	223	0.125	0.804
phlag_0010-c_min25max81	1237	389	350	24	0.187	0.8021390374331551
phlag_0010-c_min25max81	1470	30	29	471	0.25	0.802
phlag_0010-c_min25max81	980	20	380	620	0.5	0.6
phlag_0010-c_min25max81	1586	10	1	403	0.202	0.9900990099009901
phlag_0010-c_min25max81	1162	5	327	506	0.4165	0.6002400960384153
phlag_0010-c_min25max81	1652	45	1	302	0.1515	0.9900990099009901
phlag_0010-c_min25max81	1241	10	143	606	0.3745	0.801068090787717
phlag_0010-c_min25max81	1598	69	71	262	0.1665	0.6006006006006006
phlag_0010-c_min25max81	1549	285	34	132	0.083	0.6024096385542168
phlag_0010-c_min25max81	1329	171	149	351	0.25	0.6
phlag_0010-c_min25max81	1266	68	204	462	0.333	0.6006006006006006
phlag_0010-c_min25max81	1365	10	111	514	0.3125	0.8016
phlag_0010-c_min25max81	1587	9	2	402	0.202	0.9900990099009901
phlag_0010-c_min25max81	1391	3	1	605	0.303	0.9900990099009901
phlag_0010-c_min25max81	1236	15	93	656	0.3745	0.801068090787717
phlag_0010-c_min25max81	661	339	696	304	0.5	0.6
phlag_0010-c_min25max81	1499	1	179	321	0.25	0.6
phlag_0010-c_min25max81	1414	384	199	3	0.101	0.9900990099009901
phlag_0010-c_min25max81	1216	35	487	262	0.3745	0.801068090787717
phlag_0010-c_min25max81	1732	167	1	100	0.0505	0.9900990099009901
phlag_0010-c_min25max81	1698	52	23	227	0.125	0.804
phlag_0010-c_min25max81	1115	52	288	545	0.4165	0.6002400960384153
phlag_0010-c_min25max81	1635	32	126	207	0.1665	0.6006006006006006
phlag_0010-c_min25max81	1059	316	81	544	0.3125	0.8016
phlag_0010-c_min25max81	1500	0	78	422	0.25	0.802
phlag_0010-c_min25max81	960	540	80	420	0.25	0.802
phlag_0010-c_min25max81	1750	0	17	233	0.125	0.804
phlag_0010-c_min25max81	1394	0	0	606	0.303	0.9900990099009901
phlag_0010-c_min25max81	1167	0	321	512	0.4165	0.6002400960384153
phlag_0010-c_min25max81	1875	0	14	111	0.0625	0.808
phlag_0010-c_min25max81	876	375	71	678	0.3745	0.801068090787717
phlag_0010-c_min25max81	1834	0	61	105	0.083	0.6024096385542168
phlag_0010-c_min25max81	1795	39	63	103	0.083	0.6024096385542168
phlag_0010-c_min25max81	1844	31	21	104	0.0625	0.808
phlag_0010-c_min25max81	1141	26	320	513	0.4165	0.6002400960384153
phlag_0010-c_min25max81	1899	0	101	0	0.0505	0.9900990099009901
phlag_0010-c_min25max81	586	414	606	394	0.5	0.6
phlag_0010-c_min25max81	1186	148	211	455	0.333	0.6006006006006006
phlag_0010-c_min25max81	1060	440	142	358	0.25	0.6
phlag_0010-c_min25max81	1645	22	96	237	0.1665	0.6006006006006006
phlag_0010-c_min25max81	1377	373	29	221	0.125	0.804
phlag_0010-c_min25max81	1874	1	6	119	0.0625	0.808
phlag_0010-c_min25max81	1264	111	76	549	0.3125	0.8016
phlag_0010-c_min25max81	1621	46	54	279	0.1665	0.6006006006006006
phlag_0010-c_min25max81	1163	433	1	403	0.202	0.9900990099009901
phlag_0010-c_min25max81	1365	135	148	352	0.25	0.6
phlag_0010-c_min25max81	1185	565	40	210	0.125	0.804
phlag_0010-c_min25max81	1394	0	3	603	0.303	0.9900990099009901
phlag_0010-c_min25max81	1897	2	0	101	0.0505	0.9900990099009901
phlag_0010-c_min25max81	1480	15	1	504	0.2525	0.9900990099009901
phlag_0010-c_min25max81	1687	212	0	101	0.0505	0.9900990099009901
phlag_0010-c_min25max81	21	1878	101	0	0.0505	0.9900990099009901
phlag_0010-c_min25max81	1851	24	122	3	0.0625	0.808
phlag_0010-c_min25max81	1783	15	0	202	0.101	0.9900990099009901
phlag_0010-c_min25max81	1328	6	263	403	0.333	0.6006006006006006
phlag_0010-c_min25max81	1065	102	259	574	0.4165	0.6002400960384153
phlag_0010-c_min25max81	1640	27	72	261	0.1665	0.6006006006006006
phlag_0010-c_min25max81	1449	426	4	121	0.0625	0.808
phlag_0010-c_min25max81	1593	33	41	333	0.187	0.8021390374331551
phlag_0010-c_min25max81	1489	11	177	323	0.25	0.6
phlag_0010-c_min25max81	1205	421	42	332	0.187	0.8021390374331551
phlag_0010-c_min25max81	1733	101	29	137	0.083	0.6024096385542168
phlag_0010-c_min25max81	1126	708	63	103	0.083	0.6024096385542168
phlag_0010-c_min25max81	1500	0	61	439	0.25	0.802
phlag_0010-c_min25max81	923	77	319	681	0.5	0.6
phlag_0010-c_min25max81	1491	9	32	468	0.25	0.802
phlag_0010-c_min25max81	1743	55	4	198	0.101	0.9900990099009901
phlag_0010-c_min25max81	1277	622	7	94	0.0505	0.9900990099009901
phlag_0010-c_min25max81	1472	225	1	302	0.1515	0.9900990099009901
phlag_0010-c_min25max81	1341	34	108	517	0.3125	0.8016
phlag_0010-c_min25max81	1336	164	142	358	0.25	0.6
phlag_0010-c_min25max81	1683	115	0	202	0.101	0.9900990099009901
phlag_0010-c_min25max81	1750	0	34	216	0.125	0.804
phlag_0010-c_min25max81	996	4	419	581	0.5	0.6
phlag_0010-c_min25max81	1140	111	126	623	0.3745	0.801068090787717
phlag_0010-c_min25max81	1249	2	139	610	0.3745	0.801068090787717
phlag_0010-c_min25max81	1352	315	77	256	0.1665	0.6006006006006006
phlag_0010-c_min25max81	1544	290	40	126	0.083	0.6024096385542168
phlag_0010-c_min25max81	1072	95	264	569	0.4165	0.6002400960384153
phlag_0010-c_min25max81	759	635	25	581	0.303	0.9900990099009901
phlag_0010-c_min25max81	1592	4	1	403	0.202	0.9900990099009901
phlag_0010-c_min25max81	1360	15	116	509	0.3125	0.8016
phlag_0010-c_min25max81	1411	89	105	395	0.25	0.6
phlag_0010-c_min25max81	1215	36	120	629	0.3745	0.801068090787717
phlag_0010-c_min25max81	1797	1	183	19	0.101	0.9900990099009901
phlag_0010-c_min25max81	1301	295	4	400	0.202	0.9900990099009901
phlag_0010-c_min25max81	1849	26	8	117	0.0625	0.808
phlag_0010-c_min25max81	1458	37	3	502	0.2525	0.9900990099009901
phlag_0010-c_min25max81	1831	3	69	97	0.083	0.6024096385542168
phlag_0010-c_min25max81	1566	60	68	306	0.187	0.8021390374331551
phlag_0010-c_min25max81	1741	9	15	235	0.125	0.804
phlag_0010-c_min25max81	1126	374	54	446	0.25	0.802
phlag_0010-c_min25max81	1617	9	58	316	0.187	0.8021390374331551
phlag_0010-c_min25max81	1137	30	284	549	0.4165	0.6002400960384153
phlag_0010-c_min25max81	1281	219	147	353	0.25	0.6
phlag_0010-c_min25max81	1251	0	144	605	0.3745	0.801068090787717
phlag_0010-c_min25max81	1297	37	223	443	0.333	0.6006006006006006
phlag_0010-c_min25max81	1854	21	11	114	0.0625	0.808
phlag_0010-c_min25max81	1178	322	159	341	0.25	0.6
phlag_0010-c_min25max81	1626	0	369	5	0.187	0.8021390374331551
phlag_0010-c_min25max81	1626	0	15	359	0.187	0.8021390374331551
phlag_0010-c_min25max81	1394	0	2	604	0.303	0.9900990099009901
phlag_0010-c_min25max81	1193	58	134	615	0.3745	0.801068090787717
phlag_0010-c_min25max81	1486	9	0	505	0.2525	0.9900990099009901
phlag_0010-c_min25max81	938	62	341	659	0.5	0.6
phlag_0010-c_min25max81	1797	1	1	201	0.101	0.9900990099009901
phlag_0010-c_min25max81	779	221	336	664	0.5	0.6
phlag_0010-c_min25max81	1492	3	0	505	0.2525	0.9900990099009901
phlag_0010-c_min25max81	1288	510	1	201	0.101	0.9900990099009901
phlag_0010-c_min25max81	1373	2	114	511	0.3125	0.8016
phlag_0010-c_min25max81	1247	147	39	567	0.303	0.9900990099009901
phlag_0010-c_min25max81	1291	584	30	95	0.0625	0.808
phlag_0010-c_min25max81	1463	204	67	266	0.1665	0.6006006006006006
phlag_0010-c_min25max81	898	602	72	428	0.25	0.802
phlag_0010-c_min25max81	1634	164	1	201	0.101	0.9900990099009901
phlag_0010-c_min25max81	1167	0	807	26	0.4165	0.6002400960384153
phlag_0010-c_min25max81	1250	1	159	590	0.3745	0.801068090787717
phlag_0010-c_min25max81	1333	1	263	403	0.333	0.6006006006006006
phlag_0010-c_min25max81	1234	17	139	610	0.3745	0.801068090787717
phlag_0010-c_min25max81	1359	16	104	521	0.3125	0.8016
phlag_0010-c_min25max81	879	121	338	662	0.5	0.6
phlag_0010-c_min25max81	1495	5	89	411	0.25	0.802
phlag_0010-c_min25max81	1705	45	27	223	0.125	0.804
phlag_0010-c_min25max81	1864	11	17	108	0.0625	0.808
phlag_0010-c_min25max81	1389	5	0	606	0.303	0.9900990099009901
phlag_0010-c_min25max81	1594	2	8	396	0.202	0.9900990099009901
phlag_0010-c_min25max81	1623	3	54	320	0.187	0.8021390374331551
phlag_0010-c_min25max81	1491	9	90	410	0.25	0.802
phlag_0010-c_min25max81	1622	4	35	339	0.187	0.8021390374331551
phlag_0010-c_min25max81	1304	30	198	468	0.333	0.6006006006006006
phlag_0010-c_min25max81	1798	0	2	200	0.101	0.9900990099009901
phlag_0010-c_min25max81	1491	4	0	505	0.2525	0.9900990099009901
phlag_0010-c_min25max81	1408	426	57	109	0.083	0.6024096385542168
phlag_0010-c_min25max81	1834	0	8	158	0.083	0.6024096385542168
phlag_0010-c_min25max81	925	242	284	549	0.4165	0.6002400960384153
phlag_0010-c_min25max81	1150	17	308	525	0.4165	0.6002400960384153
phlag_0010-c_min25max81	1608	59	98	235	0.1665	0.6006006006006006
phlag_0010-c_min25max81	1665	2	293	40	0.1665	0.6006006006006006
phlag_0010-c_min25max81	1546	151	1	302	0.1515	0.9900990099009901
phlag_0010-c_min25max81	1493	2	472	33	0.2525	0.9900990099009901
phlag_0010-c_min25max81	1796	2	140	62	0.101	0.9900990099009901
phlag_0010-c_min25max81	1495	0	1	504	0.2525	0.9900990099009901
phlag_0010-c_min25max81	1331	3	263	403	0.333	0.6006006006006006
phlag_0010-c_min25max81	1827	72	0	101	0.0505	0.9900990099009901
phlag_0010-c_min25max81	1451	49	67	433	0.25	0.802
phlag_0010-c_min25max81	1201	174	86	539	0.3125	0.8016
phlag_0010-c_min25max81	959	435	485	121	0.303	0.9900990099009901
phlag_0010-c_min25max81	1500	0	94	406	0.25	0.802
phlag_0010-c_min25max81	796	538	317	349	0.333	0.6006006006006006
phlag_0010-c_min25max81	1425	272	5	298	0.1515	0.9900990099009901
phlag_0010-c_min25max81	1393	107	91	409	0.25	0.802
phlag_0010-c_min25max81	876	791	112	221	0.1665	0.6006006006006006
phlag_0010-c_min25max81	984	16	412	588	0.5	0.6
phlag_0010-c_min25max81	907	93	308	692	0.5	0.6
phlag_0010-c_min25max81	1663	34	1	302	0.1515	0.9900990099009901
phlag_0010-c_min25max81	962	38	345	655	0.5	0.6
phlag_0010-c_min25max81	1249	2	96	653	0.3745	0.801068090787717
phlag_0010-c_min25max81	1875	0	3	122	0.0625	0.808
phlag_0010-c_min25max81	1602	24	21	353	0.187	0.8021390374331551
phlag_0010-c_min25max81	1163	4	327	506	0.4165	0.6002400960384153
phlag_0010-c_min25max81	1207	168	90	535	0.3125	0.8016
phlag_0010-c_min25max81	1733	17	27	223	0.125	0.804
phlag_0010-c_min25max81	1741	9	14	236	0.125	0.804
phlag_0010-c_min25max81	1394	0	0	606	0.303	0.9900990099009901
phlag_0010-c_min25max81	1322	12	325	341	0.333	0.6006006006006006
phlag_0010-c_min25max81	1347	153	180	320	0.25	0.6
phlag_0010-c_min25max81	1146	21	310	523	0.4165	0.6002400960384153
phlag_0010-c_min25max81	1392	2	4	602	0.303	0.9900990099009901
phlag_0010-c_min25max81	1626	0	259	115	0.187	0.8021390374331551
phlag_0010-c_min25max81	1801	74	13	112	0.0625	0.808
phlag_0010-c_min25max81	949	801	78	172	0.125	0.804
phlag_0010-c_min25max81	1117	50	295	538	0.4165	0.6002400960384153
phlag_0010-c_min25max81	1499	1	97	403	0.25	0.802
phlag_0010-c_min25max81	682	318	305	695	0.5	0.6
phlag_0010-c_min25max81	1588	8	1	403	0.202	0.9900990099009901
phlag_0010-c_min25max81	1355	20	107	518	0.3125	0.8016
phlag_0010-c_min25max81	1482	18	74	426	0.25	0.802
phlag_0010-c_min25max81	1158	9	322	511	0.4165	0.6002400960384153
phlag_0010-c_min25max81	1596	0	3	401	0.202	0.9900990099009901
phlag_0010-c_min25max81	1179	321	70	430	0.25	0.802
phlag_0010-c_min25max81	1250	1	123	626	0.3745	0.801068090787717
phlag_0010-c_min25max81	1512	114	41	333	0.187	0.8021390374331551
phlag_0010-c_min25max81	1470	30	63	437	0.25	0.802
phlag_0010-c_min25max81	1697	0	1	302	0.1515	0.9900990099009901
phlag_0010-c_min25max81	1739	11	26	224	0.125	0.804
phlag_0010-c_min25max81	1567	59	59	315	0.187	0.8021390374331551
phlag_0010-c_min25max81	1000	0	391	609	0.5	0.6
phlag_0010-c_min25max81	1479	271	66	184	0.125	0.804
phlag_0010-c_min25max81	1594	32	66	308	0.187	0.8021390374331551
phlag_0010-c_min25max81	1250	1	146	603	0.3745	0.801068090787717
phlag_0010-c_min25max81	803	448	470	279	0.3745	0.801068090787717
phlag_0010-c_min25max81	1875	24	0	101	0.0505	0.9900990099009901
phlag_0010-c_min25max81	1119	507	98	276	0.187	0.8021390374331551
phlag_0010-c_min25max81	1742	92	31	135	0.083	0.6024096385542168
phlag_0010-c_min25max81	1500	0	80	420	0.25	0.802
phlag_0010-c_min25max81	1020	314	171	495	0.333	0.6006006006006006
phlag_0010-c_min25max81	1872	27	94	7	0.0505	0.9900990099009901
phlag_0010-c_min25max81	1334	41	95	530	0.3125	0.8016
phlag_0010-c_min25max81	1798	0	0	202	0.101	0.9900990099009901
phlag_0010-c_min25max81	1000	0	457	543	0.5	0.6
phlag_0010-c_min25max81	1613	13	66	308	0.187	0.8021390374331551
phlag_0010-c_min25max81	1245	654	0	101	0.0505	0.9900990099009901
phlag_0010-c_min25max81	1226	25	117	632	0.3745	0.801068090787717
phlag_0010-c_min25max81	1748	2	25	225	0.125	0.804
phlag_0010-c_min25max81	1421	74	2	503	0.2525	0.9900990099009901
phlag_0010-c_min25max81	1088	79	261	572	0.4165	0.6002400960384153
phlag_0010-c_min25max81	1250	1	127	622	0.3745	0.801068090787717
phlag_0010-c_min25max81	998	2	850	150	0.5	0.6
phlag_0010-c_min25max81	1463	163	198	176	0.187	0.8021390374331551
phlag_0010-c_min25max81	1576	20	4	400	0.202	0.9900990099009901
phlag_0010-c_min25max81	1372	3	125	500	0.3125	0.8016
phlag_0010-c_min25max81	1251	0	145	604	0.3745	0.801068090787717
phlag_0010-c_min25max81	1693	206	0	101	0.0505	0.9900990099009901
phlag_0010-c_min25max81	829	505	167	499	0.333	0.6006006006006006
phlag_0010-c_min25max81	1329	5	260	406	0.333	0.6006006006006006
phlag_0010-c_min25max81	1875	0	11	114	0.0625	0.808
phlag_0010-c_min25max81	1474	26	141	359	0.25	0.6
phlag_0010-c_min25max81	1104	730	34	132	0.083	0.6024096385542168
phlag_0010-c_min25max81	1313	21	248	418	0.333	0.6006006006006006
phlag_0010-c_min25max81	1826	8	47	119	0.083	0.6024096385542168
phlag_0010-c_min25max81	1564	186	247	3	0.125	0.804
phlag_0010-c_min25max81	1602	148	23	227	0.125	0.804
phlag_0010-c_min25max81	1548	250	1	201	0.101	0.9900990099009901
phlag_0010-c_min25max81	1780	18	1	201	0.101	0.9900990099009901
phlag_0010-c_min25max81	1485	10	0	505	0.2525	0.9900990099009901
phlag_0010-c_min25max81	1474	26	92	408	0.25	0.802
phlag_0010-c_min25max81	1697	0	1	302	0.1515	0.9900990099009901
phlag_0010-c_min25max81	1656	11	84	249	0.1665	0.6006006006006006
phlag_0010-c_min25max81	1354	21	105	520	0.3125	0.8016
phlag_0010-c_min25max81	1543	53	4	400	0.202	0.9900990099009901
phlag_0010-c_min25max81	1470	25	2	503	0.2525	0.9900990099009901
phlag_0010-c_min25max81	1899	0	68	33	0.0505	0.9900990099009901
phlag_0010-c_min25max81	1166	1	262	571	0.4165	0.6002400960384153
phlag_0010-c_min25max81	1310	357	94	239	0.1665	0.6006006006006006
phlag_0010-c_min25max81	1360	140	78	422	0.25	0.802
phlag_0010-c_min25max81	1786	48	48	118	0.083	0.6024096385542168
phlag_0010-c_min25max81	1088	508	6	398	0.202	0.9900990099009901
phlag_0010-c_min25max81	1798	0	0	202	0.101	0.9900990099009901
phlag_0010-c_min25max81	1345	30	56	569	0.3125	0.8016
phlag_0010-c_min25max81	734	433	212	621	0.4165	0.6002400960384153
phlag_0010-c_min25max81	1315	19	256	410	0.333	0.6006006006006006
phlag_0010-c_min25max81	1582	14	2	402	0.202	0.9900990099009901
phlag_0010-c_min25max81	1138	29	317	516	0.4165	0.6002400960384153
phlag_0010-c_min25max81	1491	4	3	502	0.2525	0.9900990099009901
phlag_0010-c_min25max81	1394	0	0	606	0.303	0.9900990099009901
phlag_0010-c_min25max81	1483	12	1	504	0.2525	0.9900990099009901
phlag_0010-c_min25max81	1750	0	0	250	0.125	0.804
phlag_0010-c_min25max81	1394	0	4	602	0.303	0.9900990099009901
phlag_0010-c_min25max81	1500	0	206	294	0.25	0.6
phlag_0010-c_min25max81	1495	0	487	18	0.2525	0.9900990099009901
phlag_0010-c_min25max81	1596	0	0	404	0.202	0.9900990099009901
phlag_0010-c_min25max81	1218	176	4	602	0.303	0.9900990099009901
phlag_0010-c_min25max81	1362	13	74	551	0.3125	0.8016
phlag_0010-c_min25max81	1866	9	0	125	0.0625	0.808
phlag_0010-c_min25max81	1479	16	493	12	0.2525	0.9900990099009901
phlag_0010-c_min25max81	1690	60	32	218	0.125	0.804
phlag_0010-c_min25max81	1831	3	48	118	0.083	0.6024096385542168
phlag_0010-c_min25max81	1167	0	329	504	0.4165	0.6002400960384153
phlag_0010-c_min25max81	1596	0	0	404	0.202	0.9900990099009901
phlag_0010-c_min25max81	1155	12	309	524	0.4165	0.6002400960384153
phlag_0010-c_min25max81	652	348	265	735	0.5	0.6
phlag_0010-c_min25max81	1374	1	380	245	0.3125	0.8016
phlag_0010-c_min25max81	1407	93	79	421	0.25	0.802
phlag_0010-c_min25max81	983	17	391	609	0.5	0.6
phlag_0010-c_min25max81	1565	31	0	404	0.202	0.9900990099009901
phlag_0010-c_min25max81	1610	16	57	317	0.187	0.8021390374331551
phlag_0010-c_min25max81	1827	7	53	113	0.083	0.6024096385542168
phlag_0010-c_min25max81	1165	2	812	21	0.4165	0.6002400960384153
phlag_0010-c_min25max81	1280	215	4	501	0.2525	0.9900990099009901
phlag_0010-c_min25max81	998	2	394	606	0.5	0.6
phlag_0010-c_min25max81	1492	8	192	308	0.25	0.6
phlag_0010-c_min25max81	1658	9	309	24	0.1665	0.6006006006006006
phlag_0010-c_min25max81	1500	0	496	4	0.25	0.6
phlag_0010-c_min25max81	1361	14	506	119	0.3125	0.8016
phlag_0010-c_min25max81	963	37	384	616	0.5	0.6
phlag_0010-c_min25max81	1019	648	78	255	0.1665	0.6006006006006006
phlag_0010-c_min25max81	1085	410	3	502	0.2525	0.9900990099009901
phlag_0010-c_min25max81	1405	221	28	346	0.187	0.8021390374331551
phlag_0010-c_min25max81	1653	181	47	119	0.083	0.6024096385542168
phlag_0010-c_min25max81	1875	0	2	123	0.0625	0.808
phlag_0010-c_min25max81	1663	4	123	210	0.1665	0.6006006006006006
phlag_0010-c_min25max81	1166	209	116	509	0.3125	0.8016
phlag_0010-c_min25max81	1460	415	12	113	0.0625	0.808
phlag_0010-c_min25max81	1481	19	182	318	0.25	0.6
phlag_0010-c_min25max81	1374	1	82	543	0.3125	0.8016
phlag_0010-c_min25max81	1143	483	47	327	0.187	0.8021390374331551
phlag_0010-c_min25max81	1282	593	17	108	0.0625	0.808
phlag_0010-c_min25max81	1495	0	0	505	0.2525	0.9900990099009901
phlag_0010-c_min25max81	1368	7	107	518	0.3125	0.8016
phlag_0010-c_min25max81	1464	31	3	502	0.2525	0.9900990099009901
phlag_0010-c_min25max81	1801	98	1	100	0.0505	0.9900990099009901
phlag_0010-c_min25max81	1498	98	0	404	0.202	0.9900990099009901
phlag_0010-c_min25max81	1726	108	40	126	0.083	0.6024096385542168
phlag_0010-c_min25max81	1324	10	237	429	0.333	0.6006006006006006
phlag_0010-c_min25max81	1794	40	47	119	0.083	0.6024096385542168
phlag_0010-c_min25max81	1206	294	51	449	0.25	0.802
phlag_0010-c_min25max81	1614	220	31	135	0.083	0.6024096385542168
phlag_0010-c_min25max81	1738	12	35	215	0.125	0.804
phlag_0010-c_min25max81	1221	30	316	433	0.3745	0.801068090787717
phlag_0010-c_min25max81	1483	184	99	234	0.1665	0.6006006006006006
phlag_0010-c_min25max81	1625	1	65	309	0.187	0.8021390374331551
phlag_0010-c_min25max81	1446	54	168	332	0.25	0.6
phlag_0010-c_min25max81	1490	10	169	331	0.25	0.6
phlag_0010-c_min25max81	1158	640	5	197	0.101	0.9900990099009901
phlag_0010-c_min25max81	1297	37	249	417	0.333	0.6006006006006006
phlag_0010-c_min25max81	1580	16	57	347	0.202	0.9900990099009901
phlag_0010-c_min25max81	1245	6	138	611	0.3745	0.801068090787717
phlag_0010-c_min25max81	1596	0	0	404	0.202	0.9900990099009901
phlag_0010-c_min25max81	1495	0	4	501	0.2525	0.9900990099009901
phlag_0010-c_min25max81	1705	45	18	232	0.125	0.804
phlag_0010-c_min25max81	1499	1	190	310	0.25	0.6
phlag_0010-c_min25max81	1303	31	249	417	0.333	0.6006006006006006
phlag_0010-c_min25max81	1229	266	2	503	0.2525	0.9900990099009901
phlag_0010-c_min25max81	1477	18	2	503	0.2525	0.9900990099009901
phlag_0010-c_min25max81	1875	24	1	100	0.0505	0.9900990099009901
phlag_0010-c_min25max81	1251	0	748	1	0.3745	0.801068090787717
phlag_0010-c_min25max81	908	426	154	512	0.333	0.6006006006006006
phlag_0010-c_min25max81	997	3	997	3	0.5	0.6
phlag_0010-c_min25max81	1428	239	87	246	0.1665	0.6006006006006006
phlag_0010-c_min25max81	1250	1	159	590	0.3745	0.801068090787717
phlag_0010-c_min25max81	972	28	389	611	0.5	0.6
phlag_0010-c_min25max81	1655	42	1	302	0.1515	0.9900990099009901
phlag_0010-c_min25max81	830	545	92	533	0.3125	0.8016
phlag_0010-c_min25max81	1664	3	131	202	0.1665	0.6006006006006006
phlag_0010-c_min25max81	1360	15	76	549	0.3125	0.8016
phlag_0010-c_min25max81	1515	235	21	229	0.125	0.804
phlag_0010-c_min25max81	1870	5	13	112	0.0625	0.808
phlag_0010-c_min25max81	1357	18	106	519	0.3125	0.8016
phlag_0010-c_min25max81	1602	24	35	339	0.187	0.8021390374331551
phlag_0010-c_min25max81	1568	182	28	222	0.125	0.804
phlag_0010-c_min25max81	1875	0	1	124	0.0625	0.808
phlag_0010-c_min25max81	1445	55	157	343	0.25	0.6
phlag_0010-c_min25max81	1536	131	95	238	0.1665	0.6006006006006006
phlag_0010-c_min25max81	1653	14	149	184	0.1665	0.6006006006006006
phlag_0010-c_min25max81	1831	44	12	113	0.0625	0.808
phlag_0010-c_min25max81	1465	35	175	325	0.25	0.6
phlag_0010-c_min25max81	1371	129	137	363	0.25	0.6
phlag_0010-c_min25max81	1797	37	48	118	0.083	0.6024096385542168
phlag_0010-c_min25max81	748	586	179	487	0.333	0.6006006006006006
phlag_0010-c_min25max81	1899	0	1	100	0.0505	0.9900990099009901
phlag_0010-c_min25max81	1769	29	1	201	0.101	0.9900990099009901
phlag_0010-c_min25max81	1797	1	1	201	0.101	0.9900990099009901
phlag_0010-c_min25max81	1394	0	2	604	0.303	0.9900990099009901
phlag_0010-c_min25max81	1588	162	26	224	0.125	0.804
phlag_0010-c_min25max81	1494	1	2	503	0.2525	0.9900990099009901
phlag_0010-c_min25max81	972	28	394	606	0.5	0.6
phlag_0010-c_min25max81	1467	33	93	407	0.25	0.802
phlag_0010-c_min25max81	1177	520	0	303	0.1515	0.9900990099009901
phlag_0010-c_min25max81	862	734	25	379	0.202	0.9900990099009901
phlag_0010-c_min25max81	1166	1	334	499	0.4165	0.6002400960384153
phlag_0010-c_min25max81	1097	70	258	575	0.4165	0.6002400960384153
phlag_0010-c_min25max81	1261	436	3	300	0.1515	0.9900990099009901
phlag_0010-c_min25max81	1326	8	245	421	0.333	0.6006006006006006
phlag_0010-c_min25max81	1693	57	6	244	0.125	0.804
phlag_0010-c_min25max81	1129	38	314	519	0.4165	0.6002400960384153
phlag_0010-c_min25max81	1031	565	8	396	0.202	0.9900990099009901
phlag_0010-c_min25max81	1388	6	5	601	0.303	0.9900990099009901
phlag_0010-c_min25max81	1873	2	18	107	0.0625	0.808
phlag_0010-c_min25max81	1157	94	107	642	0.3745	0.801068090787717
phlag_0010-c_min25max81	1587	9	0	404	0.202	0.9900990099009901
phlag_0010-c_min25max81	1746	4	229	21	0.125	0.804
phlag_0010-c_min25max81	1797	1	0	202	0.101	0.9900990099009901
phlag_0010-c_min25max81	1897	2	2	99	0.0505	0.9900990099009901
phlag_0010-c_min25max81	898	436	225	441	0.333	0.6006006006006006
phlag_0010-c_min25max81	1334	0	253	413	0.333	0.6006006006006006
phlag_0010-c_min25max81	1105	562	118	215	0.1665	0.6006006006006006
phlag_0010-c_min25max81	1596	0	1	403	0.202	0.9900990099009901
phlag_0010-c_min25max81	788	463	90	659	0.3745	0.801068090787717
phlag_0010-c_min25max81	1372	22	2	604	0.303	0.9900990099009901
phlag_0010-c_min25max81	1374	126	71	429	0.25	0.802
phlag_0010-c_min25max81	1624	2	49	325	0.187	0.8021390374331551
phlag_0010-c_min25max81	999	1	400	600	0.5	0.6
phlag_0010-c_min25max81	1246	5	714	35	0.3745	0.801068090787717
phlag_0010-c_min25max81	1417	417	45	121	0.083	0.6024096385542168
phlag_0010-c_min25max81	1798	0	0	202	0.101	0.9900990099009901
phlag_0010-c_min25max81	1697	0	0	303	0.1515	0.9900990099009901
phlag_0010-c_min25max81	1145	22	271	562	0.4165	0.6002400960384153
phlag_0010-c_min25max81	1590	285	12	113	0.0625	0.808
phlag_0010-c_min25max81	1101	274	153	472	0.3125	0.8016
phlag_0010-c_min25max81	1646	51	2	301	0.1515	0.9900990099009901
phlag_0010-c_min25max81	727	648	73	552	0.3125	0.8016
phlag_0010-c_min25max81	1495	0	0	505	0.2525	0.9900990099009901
phlag_0010-c_min25max81	1333	364	3	300	0.1515	0.9900990099009901
phlag_0010-c_min25max81	1693	4	0	303	0.1515	0.9900990099009901
phlag_0010-c_min25max81	1495	0	0	505	0.2525	0.9900990099009901
phlag_0010-c_min25max81	1803	72	6	119	0.0625	0.808
phlag_0010-c_min25max81	917	417	207	459	0.333	0.6006006006006006
phlag_0010-c_min25max81	1251	0	146	603	0.3745	0.801068090787717
phlag_0010-c_min25max81	1574	22	11	393	0.202	0.9900990099009901
phlag_0010-c_min25max81	780	1119	55	46	0.0505	0.9900990099009901
phlag_0010-c_min25max81	1830	4	35	131	0.083	0.6024096385542168
phlag_0010-c_min25max81	1739	11	126	124	0.125	0.804
phlag_0010-c_min25max81	801	366	242	591	0.4165	0.6002400960384153
phlag_0010-c_min25max81	1666	1	121	212	0.1665	0.6006006006006006
phlag_0010-c_min25max81	1899	0	0	101	0.0505	0.9900990099009901
phlag_0010-c_min25max81	1697	0	0	303	0.1515	0.9900990099009901
phlag_0010-c_min25max81	982	18	374	626	0.5	0.6
phlag_0010-c_min25max81	1406	220	46	328	0.187	0.8021390374331551
phlag_0010-c_min25max81	1500	0	85	415	0.25	0.802
phlag_0010-c_min25max81	1109	285	2	604	0.303	0.9900990099009901
phlag_0010-c_min25max81	1023	603	52	322	0.187	0.8021390374331551
phlag_0010-c_min25max81	1494	1	460	45	0.2525	0.9900990099009901
phlag_0010-c_min25max81	1807	27	54	112	0.083	0.6024096385542168
phlag_0010-c_min25max81	991	403	25	581	0.303	0.9900990099009901
phlag_0010-c_min25max81	767	233	292	708	0.5	0.6
phlag_0010-c_min25max81	1800	75	39	86	0.0625	0.808
phlag_0010-c_min25max81	1161	6	319	514	0.4165	0.6002400960384153
phlag_0010-c_min25max81	1222	29	119	630	0.3745	0.801068090787717
phlag_0010-c_min25max81	1477	190	86	247	0.1665	0.6006006006006006
phlag_0010-c_min25max81	1188	509	23	280	0.1515	0.9900990099009901
phlag_0010-c_min25max81	1657	218	14	111	0.0625	0.808
phlag_0010-c_min25max81	1394	0	2	604	0.303	0.9900990099009901
phlag_0010-c_min25max81	1333	1	277	389	0.333	0.6006006006006006
phlag_0010-c_min25max81	1740	10	13	237	0.125	0.804
phlag_0010-c_min25max81	1626	0	16	358	0.187	0.8021390374331551
phlag_0010-c_min25max81	1574	123	0	303	0.1515	0.9900990099009901
phlag_0010-c_min25max81	1166	1	333	500	0.4165	0.6002400960384153
phlag_0010-c_min25max81	1381	13	4	602	0.303	0.9900990099009901
phlag_0010-c_min25max81	1394	0	606	0	0.303	0.9900990099009901
phlag_0010-c_min25max81	1308	86	3	603	0.303	0.9900990099009901
phlag_0010-c_min25max81	1443	224	90	243	0.1665	0.6006006006006006
phlag_0010-c_min25max81	1795	80	14	111	0.0625	0.808
phlag_0010-c_min25max81	1511	85	1	403	0.202	0.9900990099009901
phlag_0010-c_min25max81	1490	10	92	408	0.25	0.802
phlag_0010-c_min25max81	1334	0	264	402	0.333	0.6006006006006006
phlag_0010-c_min25max81	1327	7	278	388	0.333	0.6006006006006006
phlag_0010-c_min25max81	1071	96	293	540	0.4165	0.6002400960384153
phlag_0010-c_min25max81	1486	14	177	323	0.25	0.6
phlag_0010-c_min25max81	1435	65	164	336	0.25	0.6
phlag_0010-c_min25max81	873	127	317	683	0.5	0.6
phlag_0010-c_min25max81	1695	2	0	303	0.1515	0.9900990099009901
phlag_0010-c_min25max81	1728	106	24	142	0.083	0.6024096385542168
phlag_0010-c_min25max81	1495	0	5	500	0.2525	0.9900990099009901
phlag_0010-c_min25max81	1818	57	7	118	0.0625	0.808
phlag_0010-c_min25max81	891	360	99	650	0.3745	0.801068090787717
phlag_0010-c_min25max81	1694	56	18	232	0.125	0.804
phlag_0010-c_min25max81	1493	133	40	334	0.187	0.8021390374331551
phlag_0010-c_min25max81	1446	54	71	429	0.25	0.802
phlag_0010-c_min25max81	1887	12	2	99	0.0505	0.9900990099009901
phlag_0010-c_min25max81	1591	5	1	403	0.202	0.9900990099009901
phlag_0010-c_min25max81	1574	176	29	221	0.125	0.804
phlag_0010-c_min25max81	1782	52	18	148	0.083	0.6024096385542168
phlag_0010-c_min25max81	1483	351	58	108	0.083	0.6024096385542168
phlag_0010-c_min25max81	1672	25	3	300	0.1515	0.9900990099009901
phlag_0010-c_min25max81	1175	76	117	632	0.3745	0.801068090787717
phlag_0010-c_min25max81	1165	710	20	105	0.0625	0.808
phlag_0010-c_min25max81	1744	54	1	201	0.101	0.9900990099009901
phlag_0010-c_min25max81	1058	109	284	549	0.4165	0.6002400960384153
phlag_0010-c_min25max81	1798	0	190	12	0.101	0.9900990099009901
phlag_0010-c_min25max81	1691	6	1	302	0.1515	0.9900990099009901
phlag_0010-c_min25max81	1628	39	71	262	0.1665	0.6006006006006006
phlag_0010-c_min25max81	1096	404	141	359	0.25	0.6
phlag_0010-c_min25max81	1596	30	5	369	0.187	0.8021390374331551
phlag_0010-c_min25max81	1563	104	119	214	0.1665	0.6006006006006006
phlag_0010-c_min25max81	1251	0	749	0	0.3745	0.801068090787717
phlag_0010-c_min25max81	1569	181	39	211	0.125	0.804
phlag_0010-c_min25max81	1690	7	0	303	0.1515	0.9900990099009901
phlag_0010-c_min25max81	1845	54	0	101	0.0505	0.9900990099009901
phlag_0010-c_min25max81	1334	0	258	408	0.333	0.6006006006006006
phlag_0010-c_min25max81	1127	469	0	404	0.202	0.9900990099009901
phlag_0010-c_min25max81	1254	121	81	544	0.3125	0.8016
phlag_0010-c_min25max81	1594	2	2	402	0.202	0.9900990099009901
phlag_0010-c_min25max81	1370	5	124	501	0.3125	0.8016
phlag_0010-c_min25max81	1068	427	6	499	0.2525	0.9900990099009901
phlag_0010-c_min25max81	1863	12	8	117	0.0625	0.808
phlag_0010-c_min25max81	995	5	387	613	0.5	0.6
phlag_0010-c_min25max81	1764	135	9	92	0.0505	0.9900990099009901
phlag_0010-c_min25max81	1834	0	166	0	0.083	0.6024096385542168
phlag_0010-c_min25max81	1798	0	1	201	0.101	0.9900990099009901
phlag_0010-c_min25max81	1500	0	206	294	0.25	0.6
phlag_0010-c_min25max81	1697	0	2	301	0.1515	0.9900990099009901
phlag_0010-c_min25max81	1384	116	80	420	0.25	0.802
phlag_0010-c_min25max81	1858	17	0	125	0.0625	0.808
phlag_0010-c_min25max81	1251	0	746	3	0.3745	0.801068090787717
phlag_0010-c_min25max81	1399	298	1	302	0.1515	0.9900990099009901
phlag_0010-c_min25max81	1167	0	330	503	0.4165	0.6002400960384153
phlag_0010-c_min25max81	1765	33	4	198	0.101	0.9900990099009901
phlag_0010-c_min25max81	994	6	380	620	0.5	0.6
phlag_0010-c_min25max81	1698	201	0	101	0.0505	0.9900990099009901
phlag_0010-c_min25max81	1484	142	47	327	0.187	0.8021390374331551
phlag_0010-c_min25max81	1058	109	261	572	0.4165	0.6002400960384153
phlag_0010-c_min25max81	1223	611	31	135	0.083	0.6024096385542168
phlag_0010-c_min25max81	1124	43	304	529	0.4165	0.6002400960384153
phlag_0010-c_min25max81	1502	124	30	344	0.187	0.8021390374331551
phlag_0010-c_min25max81	1697	0	0	303	0.1515	0.9900990099009901
phlag_0010-c_min25max81	1413	213	53	321	0.187	0.8021390374331551
phlag_0010-c_min25max81	1618	49	102	231	0.1665	0.6006006006006006
phlag_0010-c_min25max81	1488	346	25	141	0.083	0.6024096385542168
phlag_0010-c_min25max81	1316	78	3	603	0.303	0.9900990099009901
phlag_0010-c_min25max81	1454	296	31	219	0.125	0.804
phlag_0010-c_min25max81	1314	312	55	319	0.187	0.8021390374331551
phlag_0010-c_min25max81	807	693	70	430	0.25	0.802
phlag_0010-c_min25max81	998	2	394	606	0.5	0.6
phlag_0010-c_min25max81	978	22	385	615	0.5	0.6
phlag_0010-c_min25max81	1236	15	133	616	0.3745	0.801068090787717
phlag_0010-c_min25max81	1394	0	245	361	0.303	0.9900990099009901
phlag_0010-c_min25max81	531	720	665	84	0.3745	0.801068090787717
phlag_0010-c_min25max81	1292	102	2	604	0.303	0.9900990099009901
phlag_0010-c_min25max81	1677	20	0	303	0.1515	0.9900990099009901
phlag_0010-c_min25max81	1459	137	3	401	0.202	0.9900990099009901
phlag_0010-c_min25max81	1625	1	62	312	0.187	0.8021390374331551
phlag_0010-c_min25max81	1519	315	30	136	0.083	0.6024096385542168
phlag_0010-c_min25max81	1870	29	78	23	0.0505	0.9900990099009901
phlag_0010-c_min25max81	1888	11	0	101	0.0505	0.9900990099009901
phlag_0010-c_min25max81	1150	17	399	434	0.4165	0.6002400960384153
phlag_0010-c_min25max81	1083	292	93	532	0.3125	0.8016
phlag_0010-c_min25max81	1383	11	588	18	0.303	0.9900990099009901
phlag_0010-c_min25max81	1586	111	3	300	0.1515	0.9900990099009901
phlag_0010-c_min25max81	1276	58	254	412	0.333	0.6006006006006006
phlag_0010-c_min25max81	1899	0	1	100	0.0505	0.9900990099009901
phlag_0010-c_min25max81	984	16	389	611	0.5	0.6
phlag_0010-c_min25max81	1171	163	220	446	0.333	0.6006006006006006
phlag_0010-c_min25max81	1208	186	372	234	0.303	0.9900990099009901
phlag_0010-c_min25max81	1062	438	55	445	0.25	0.802
phlag_0010-c_min25max81	866	528	4	602	0.303	0.9900990099009901
phlag_0010-c_min25max81	1323	71	4	602	0.303	0.9900990099009901
phlag_0010-c_min25max81	1158	9	445	388	0.4165	0.6002400960384153
phlag_0010-c_min25max81	1549	285	40	126	0.083	0.6024096385542168
phlag_0010-c_min25max81	1388	6	0	606	0.303	0.9900990099009901
phlag_0010-c_min25max81	1596	0	2	402	0.202	0.9900990099009901
phlag_0010-c_min25max81	916	459	90	535	0.3125	0.8016
phlag_0010-c_min25max81	1452	48	76	424	0.25	0.802
phlag_0010-c_min25max81	1667	0	265	68	0.1665	0.6006006006006006
phlag_0010-c_min25max81	1629	38	140	193	0.1665	0.6006006006006006
phlag_0010-c_min25max81	1617	9	27	347	0.187	0.8021390374331551
phlag_0010-c_min25max81	1271	104	89	536	0.3125	0.8016
phlag_0010-c_min25max81	1887	12	0	101	0.0505	0.9900990099009901
phlag_0010-c_min25max81	1240	11	125	624	0.3745	0.801068090787717
phlag_0010-c_min25max81	1783	15	2	200	0.101	0.9900990099009901
phlag_0010-c_min25max81	1495	5	87	413	0.25	0.802
phlag_0010-c_min25max81	1596	71	115	218	0.1665	0.6006006006006006
phlag_0010-c_min25max81	1858	41	0	101	0.0505	0.9900990099009901
phlag_0010-c_min25max81	1496	4	191	309	0.25	0.6
phlag_0010-c_min25max81	1748	2	25	225	0.125	0.804
phlag_0010-c_min25max81	1610	16	76	298	0.187	0.8021390374331551
phlag_0010-c_min25max81	1640	27	110	223	0.1665	0.6006006006006006
phlag_0010-c_min25max81	1335	463	1	201	0.101	0.9900990099009901
phlag_0010-c_min25max81	1746	4	27	223	0.125	0.804
phlag_0010-c_min25max81	1446	54	69	431	0.25	0.802
phlag_0010-c_min25max81	1347	148	3	502	0.2525	0.9900990099009901
phlag_0010-c_min25max81	1318	57	84	541	0.3125	0.8016
phlag_0010-c_min25max81	1616	10	67	307	0.187	0.8021390374331551
phlag_0010-c_min25max81	1832	43	4	121	0.0625	0.808
phlag_0010-c_min25max81	1383	213	1	403	0.202	0.9900990099009901
phlag_0010-c_min25max81	1375	0	102	523	0.3125	0.8016
phlag_0010-c_min25max81	1719	31	10	240	0.125	0.804
phlag_0010-c_min25max81	950	301	101	648	0.3745	0.801068090787717
phlag_0010-c_min25max81	1325	69	2	604	0.303	0.9900990099009901
phlag_0010-c_min25max81	934	317	311	438	0.3745	0.801068090787717
phlag_0010-c_min25max81	1119	780	5	96	0.0505	0.9900990099009901
phlag_0010-c_min25max81	1625	42	128	205	0.1665	0.6006006006006006
phlag_0010-c_min25max81	1685	12	2	301	0.1515	0.9900990099009901
phlag_0010-c_min25max81	1164	87	123	626	0.3745	0.801068090787717
phlag_0010-c_min25max81	1368	26	4	602	0.303	0.9900990099009901
phlag_0010-c_min25max81	1332	2	599	67	0.333	0.6006006006006006
phlag_0010-c_min25max81	1483	12	3	502	0.2525	0.9900990099009901
phlag_0010-c_min25max81	1426	74	144	356	0.25	0.6
phlag_0010-c_min25max81	877	749	56	318	0.187	0.8021390374331551
phlag_0010-c_min25max81	987	13	312	688	0.5	0.6
phlag_0010-c_min25max81	1533	164	1	302	0.1515	0.9900990099009901
phlag_0010-c_min25max81	1251	0	149	600	0.3745	0.801068090787717
phlag_0010-c_min25max81	1798	0	0	202	0.101	0.9900990099009901
phlag_0010-c_min25max81	1819	15	18	148	0.083	0.6024096385542168
phlag_0010-c_min25max81	1428	370	1	201	0.101	0.9900990099009901
phlag_0010-c_min25max81	1477	23	175	325	0.25	0.6
phlag_0010-c_min25max81	1667	0	116	217	0.1665	0.6006006006006006
phlag_0010-c_min25max81	1622	75	0	303	0.1515	0.9900990099009901
phlag_0010-c_min25max81	1898	1	97	4	0.0505	0.9900990099009901
phlag_0010-c_min25max81	1500	0	25	475	0.25	0.802
phlag_0010-c_min25max81	1626	0	43	331	0.187	0.8021390374331551
phlag_0010-c_min25max81	1374	1	107	518	0.3125	0.8016
phlag_0010-c_min25max81	655	345	279	721	0.5	0.6
phlag_0010-c_min25max81	1693	105	1	201	0.101	0.9900990099009901
phlag_0010-c_min25max81	1875	0	9	116	0.0625	0.808
phlag_0010-c_min25max81	1691	184	4	121	0.0625	0.808
phlag_0010-c_min25max81	1333	1	645	21	0.333	0.6006006006006006
phlag_0010-c_min25max81	1706	44	45	205	0.125	0.804
phlag_0010-c_min25max81	1673	24	0	303	0.1515	0.9900990099009901
phlag_0010-c_min25max81	882	285	221	612	0.4165	0.6002400960384153
phlag_0010-c_min25max81	1370	24	0	606	0.303	0.9900990099009901
phlag_0010-c_min25max81	1300	34	250	416	0.333	0.6006006006006006
phlag_0010-c_min25max81	1352	547	0	101	0.0505	0.9900990099009901
phlag_0010-c_min25max81	761	406	235	598	0.4165	0.6002400960384153
phlag_0010-c_min25max81	1453	244	3	300	0.1515	0.9900990099009901
phlag_0010-c_min25max81	1300	34	274	392	0.333	0.6006006006006006
phlag_0010-c_min25max81	1828	6	69	97	0.083	0.6024096385542168
phlag_0010-c_min25max81	1269	65	149	517	0.333	0.6006006006006006
phlag_0010-c_min25max81	1381	13	6	600	0.303	0.9900990099009901
phlag_0010-c_min25max81	1129	205	168	498	0.333	0.6006006006006006
phlag_0010-c_min25max81	1374	1	132	493	0.3125	0.8016
phlag_0010-c_min25max81	1209	185	3	603	0.303	0.9900990099009901
phlag_0010-c_min25max81	1857	42	0	101	0.0505	0.9900990099009901
phlag_0010-c_min25max81	1144	23	316	517	0.4165	0.6002400960384153
phlag_0010-c_min25max81	1579	296	10	115	0.0625	0.808
phlag_0010-c_min25max81	1521	176	2	301	0.1515	0.9900990099009901
phlag_0010-c_min25max81	1498	2	97	403	0.25	0.802
phlag_0010-c_min25max81	1655	12	62	271	0.1665	0.6006006006006006
phlag_0010-c_min25max81	1654	13	66	267	0.1665	0.6006006006006006
phlag_0010-c_min25max81	1607	191	0	202	0.101	0.9900990099009901
phlag_0010-c_min25max81	1894	5	0	101	0.0505	0.9900990099009901
phlag_0010-c_min25max81	1543	356	0	101	0.0505	0.9900990099009901
phlag_0010-c_min25max81	1238	512	26	224	0.125	0.804
phlag_0010-c_min25max81	881	715	5	399	0.202	0.9900990099009901
phlag_0010-c_min25max81	1375	0	38	587	0.3125	0.8016
phlag_0010-c_min25max81	1159	8	300	533	0.4165	0.6002400960384153
phlag_0010-c_min25max81	1117	50	295	538	0.4165	0.6002400960384153
phlag_0010-c_min25max81	1684	13	1	302	0.1515	0.9900990099009901
phlag_0010-c_min25max81	1497	3	75	425	0.25	0.802
phlag_0010-c_min25max81	1149	18	336	497	0.4165	0.6002400960384153
phlag_0010-c_min25max81	1488	12	143	357	0.25	0.6
phlag_0010-c_min25max81	1824	51	12	113	0.0625	0.808
phlag_0010-c_min25max81	1361	538	0	101	0.0505	0.9900990099009901
phlag_0010-c_min25max81	1499	1	490	10	0.25	0.6
phlag_0010-c_min25max81	1394	0	1	605	0.303	0.9900990099009901
phlag_0010-c_min25max81	1262	572	65	101	0.083	0.6024096385542168
phlag_0010-c_min25max81	1834	0	16	150	0.083	0.6024096385542168
phlag_0010-c_min25max81	1490	10	181	319	0.25	0.6
phlag_0010-c_min25max81	1305	70	114	511	0.3125	0.8016
phlag_0010-c_min25max81	1228	23	120	629	0.3745	0.801068090787717
phlag_0010-c_min25max81	1697	0	1	302	0.1515	0.9900990099009901
phlag_0010-c_min25max81	1491	105	1	403	0.202	0.9900990099009901
phlag_0010-c_min25max81	1495	0	0	505	0.2525	0.9900990099009901
phlag_0010-c_min25max81	1349	247	1	403	0.202	0.9900990099009901
phlag_0010-c_min25max81	1586	10	2	402	0.202	0.9900990099009901
phlag_0010-c_min25max81	1239	12	140	609	0.3745	0.801068090787717
phlag_0010-c_min25max81	1622	4	73	301	0.187	0.8021390374331551
phlag_0010-c_min25max81	1514	236	38	212	0.125	0.804
phlag_0010-c_min25max81	1304	30	244	422	0.333	0.6006006006006006
phlag_0010-c_min25max81	1681	16	2	301	0.1515	0.9900990099009901
phlag_0010-c_min25max81	1282	112	5	601	0.303	0.9900990099009901
phlag_0010-c_min25max81	1596	0	1	403	0.202	0.9900990099009901
phlag_0010-c_min25max81	1584	12	4	400	0.202	0.9900990099009901
phlag_0010-c_min25max81	1780	54	67	99	0.083	0.6024096385542168
phlag_0010-c_min25max81	1324	70	3	603	0.303	0.9900990099009901
phlag_0010-c_min25max81	1807	92	2	99	0.0505	0.9900990099009901
phlag_0010-c_min25max81	1829	5	96	70	0.083	0.6024096385542168
phlag_0010-c_min25max81	1339	55	7	599	0.303	0.9900990099009901
phlag_0010-c_min25max81	1394	0	4	602	0.303	0.9900990099009901
phlag_0010-c_min25max81	1164	331	1	504	0.2525	0.9900990099009901
phlag_0010-c_min25max81	1697	0	3	300	0.1515	0.9900990099009901
phlag_0010-c_min25max81	1277	473	27	223	0.125	0.804
phlag_0010-c_min25max81	1697	0	303	0	0.1515	0.9900990099009901
phlag_0010-c_min25max81	1055	642	3	300	0.1515	0.9900990099009901
phlag_0010-c_min25max81	917	83	287	713	0.5	0.6
phlag_0010-c_min25max81	1466	34	155	345	0.25	0.6
phlag_0010-c_min25max81	1596	0	0	404	0.202	0.9900990099009901
phlag_0010-c_min25max81	1393	1	6	600	0.303	0.9900990099009901
phlag_0010-c_min25max81	1499	1	181	319	0.25	0.6
phlag_0010-c_min25max81	1642	55	2	301	0.1515	0.9900990099009901
phlag_0010-c_min25max81	985	515	166	334	0.25	0.6
phlag_0010-c_min25max81	931	69	381	619	0.5	0.6
phlag_0010-c_min25max81	1747	87	31	135	0.083	0.6024096385542168
phlag_0010-c_min25max81	1141	26	290	543	0.4165	0.6002400960384153
phlag_0010-c_min25max81	1494	1	2	503	0.2525	0.9900990099009901
phlag_0010-c_min25max81	1496	4	482	18	0.25	0.802
phlag_0010-c_min25max81	1378	122	75	425	0.25	0.802
phlag_0010-c_min25max81	1863	12	3	122	0.0625	0.808
phlag_0010-c_min25max81	1566	60	46	328	0.187	0.8021390374331551
phlag_0010-c_min25max81	1600	26	31	343	0.187	0.8021390374331551
phlag_0010-c_min25max81	1356	144	146	354	0.25	0.6
phlag_0010-c_min25max81	1317	17	245	421	0.333	0.6006006006006006
phlag_0010-c_min25max81	1549	77	55	319	0.187	0.8021390374331551
phlag_0010-c_min25max81	1598	236	27	139	0.083	0.6024096385542168
phlag_0010-c_min25max81	1111	764	16	109	0.0625	0.808
phlag_0010-c_min25max81	997	3	414	586	0.5	0.6
phlag_0010-c_min25max81	1872	3	16	109	0.0625	0.808
phlag_0010-c_min25max81	1798	0	201	1	0.101	0.9900990099009901
phlag_0010-c_min25max81	1372	3	111	514	0.3125	0.8016
phlag_0010-c_min25max81	1894	5	0	101	0.0505	0.9900990099009901
phlag_0010-c_min25max81	1533	342	19	106	0.0625	0.808
phlag_0010-c_min25max81	1239	12	160	589	0.3745	0.801068090787717
phlag_0010-c_min25max81	1050	825	20	105	0.0625	0.808
phlag_0010-c_min25max81	1187	480	88	245	0.1665	0.6006006006006006
phlag_0010-c_min25max81	1585	11	0	404	0.202	0.9900990099009901
phlag_0010-c_min25max81	1487	13	77	423	0.25	0.802
phlag_0010-c_min25max81	1390	105	8	497	0.2525	0.9900990099009901
phlag_0010-c_min25max81	1662	5	332	1	0.1665	0.6006006006006006
phlag_0010-c_min25max81	1890	9	96	5	0.0505	0.9900990099009901
phlag_0010-c_min25max81	1053	447	140	360	0.25	0.6
phlag_0010-c_min25max81	1433	365	0	202	0.101	0.9900990099009901
phlag_0010-c_min25max81	1405	95	71	429	0.25	0.802
phlag_0010-c_min25max81	1113	554	96	237	0.1665	0.6006006006006006
phlag_0010-c_min25max81	1364	11	108	517	0.3125	0.8016
phlag_0010-c_min25max81	1482	18	61	439	0.25	0.802
phlag_0010-c_min25max81	1578	18	0	404	0.202	0.9900990099009901
phlag_0010-c_min25max81	1338	157	1	504	0.2525	0.9900990099009901
phlag_0010-c_min25max81	1741	134	12	113	0.0625	0.808
phlag_0010-c_min25max81	1244	7	140	609	0.3745	0.801068090787717
phlag_0010-c_min25max81	1014	237	103	646	0.3745	0.801068090787717
phlag_0010-c_min25max81	949	218	301	532	0.4165	0.6002400960384153
phlag_0010-c_min25max81	1319	56	99	526	0.3125	0.8016
phlag_0010-c_min25max81	1455	45	142	358	0.25	0.6
phlag_0010-c_min25max81	944	56	383	617	0.5	0.6
phlag_0010-c_min25max81	1026	641	102	231	0.1665	0.6006006006006006
phlag_0010-c_min25max81	1750	0	38	212	0.125	0.804
phlag_0010-c_min25max81	1899	0	0	101	0.0505	0.9900990099009901
phlag_0010-c_min25max81	1345	30	108	517	0.3125	0.8016
phlag_0010-c_min25max81	1723	27	16	234	0.125	0.804
phlag_0010-c_min25max81	995	5	410	590	0.5	0.6
phlag_0010-c_min25max81	1495	0	1	504	0.2525	0.9900990099009901
phlag_0010-c_min25max81	1697	0	1	302	0.1515	0.9900990099009901
phlag_0010-c_min25max81	1726	108	23	143	0.083	0.6024096385542168
phlag_0010-c_min25max81	1350	25	63	562	0.3125	0.8016
phlag_0010-c_min25max81	1748	2	44	206	0.125	0.804
phlag_0010-c_min25max81	1596	0	0	404	0.202	0.9900990099009901
phlag_0010-c_min25max81	1798	0	0	202	0.101	0.9900990099009901
phlag_0010-c_min25max81	1499	1	164	336	0.25	0.6
phlag_0010-c_min25max81	1745	5	32	218	0.125	0.804
phlag_0010-c_min25max81	1478	17	3	502	0.2525	0.9900990099009901
phlag_0010-c_min25max81	1899	0	0	101	0.0505	0.9900990099009901
