phylter-k020-island_0	972	422	342	264	0.303	0.9900990099009901
phylter-k020-island_0	556	778	263	403	0.333	0.6006006006006006
phylter-k020-island_0	733	601	328	338	0.333	0.6006006006006006
phylter-k020-island_0	843	551	309	297	0.303	0.9900990099009901
phylter-k020-island_0	485	1313	44	158	0.101	0.9900990099009901
phylter-k020-island_0	491	843	214	452	0.333	0.6006006006006006
phylter-k020-island_0	58	1776	19	147	0.083	0.6024096385542168
phylter-k020-island_0	664	1170	50	116	0.083	0.6024096385542168
phylter-k020-island_0	35	1591	12	362	0.187	0.8021390374331551
phylter-k020-island_0	331	1044	204	421	0.3125	0.8016
phylter-k020-island_0	162	1737	12	89	0.0505	0.9900990099009901
phylter-k020-island_0	107	1590	24	279	0.1515	0.9900990099009901
phylter-k020-island_0	485	1010	156	349	0.2525	0.9900990099009901
phylter-k020-island_0	1226	524	158	92	0.125	0.804
phylter-k020-island_0	415	979	212	394	0.303	0.9900990099009901
phylter-k020-island_0	881	715	155	249	0.202	0.9900990099009901
phylter-k020-island_0	249	1246	112	393	0.2525	0.9900990099009901
phylter-k020-island_0	688	1009	71	232	0.1515	0.9900990099009901
phylter-k020-island_0	958	709	179	154	0.1665	0.6006006006006006
phylter-k020-island_0	1086	308	411	195	0.303	0.9900990099009901
phylter-k020-island_0	120	880	138	862	0.5	0.6
phylter-k020-island_0	1332	567	37	64	0.0505	0.9900990099009901
phylter-k020-island_0	1232	394	247	127	0.187	0.8021390374331551
phylter-k020-island_0	741	759	202	298	0.25	0.802
phylter-k020-island_0	149	1726	36	89	0.0625	0.808
phylter-k020-island_0	804	792	150	254	0.202	0.9900990099009901
phylter-k020-island_0	215	952	158	675	0.4165	0.6002400960384153
phylter-k020-island_0	195	1180	31	594	0.3125	0.8016
phylter-k020-island_0	421	579	359	641	0.5	0.6
phylter-k020-island_0	282	885	246	587	0.4165	0.6002400960384153
phylter-k020-island_0	730	270	647	353	0.5	0.6
phylter-k020-island_0	278	1097	127	498	0.3125	0.8016
phylter-k020-island_0	668	832	167	333	0.25	0.802
phylter-k020-island_0	55	1820	39	86	0.0625	0.808
phylter-k020-island_0	501	1125	119	255	0.187	0.8021390374331551
phylter-k020-island_0	795	599	373	233	0.303	0.9900990099009901
phylter-k020-island_0	552	1044	105	299	0.202	0.9900990099009901
phylter-k020-island_0	485	766	246	503	0.3745	0.801068090787717
phylter-k020-island_0	394	981	187	438	0.3125	0.8016
phylter-k020-island_0	6	1161	20	813	0.4165	0.6002400960384153
phylter-k020-island_0	491	1105	143	261	0.202	0.9900990099009901
phylter-k020-island_0	802	1073	13	112	0.0625	0.808
phylter-k020-island_0	105	1229	98	568	0.333	0.6006006006006006
phylter-k020-island_0	808	692	271	229	0.25	0.802
phylter-k020-island_0	296	704	327	673	0.5	0.6
phylter-k020-island_0	724	872	162	242	0.202	0.9900990099009901
phylter-k020-island_0	539	961	155	345	0.25	0.802
phylter-k020-island_0	519	1148	161	172	0.1665	0.6006006006006006
phylter-k020-island_0	298	1500	42	160	0.101	0.9900990099009901
phylter-k020-island_0	755	1120	42	83	0.0625	0.808
phylter-k020-island_0	575	759	266	400	0.333	0.6006006006006006
phylter-k020-island_0	943	308	430	319	0.3745	0.801068090787717
phylter-k020-island_0	737	638	275	350	0.3125	0.8016
phylter-k020-island_0	778	389	464	369	0.4165	0.6002400960384153
phylter-k020-island_0	808	692	191	309	0.25	0.6
phylter-k020-island_0	933	734	174	159	0.1665	0.6006006006006006
phylter-k020-island_0	370	630	374	626	0.5	0.6
phylter-k020-island_0	1055	642	151	152	0.1515	0.9900990099009901
phylter-k020-island_0	801	694	192	313	0.2525	0.9900990099009901
phylter-k020-island_0	898	698	164	240	0.202	0.9900990099009901
phylter-k020-island_0	50	1700	6	244	0.125	0.804
phylter-k020-island_0	440	1060	158	342	0.25	0.6
phylter-k020-island_0	293	1606	16	85	0.0505	0.9900990099009901
phylter-k020-island_0	295	1402	50	253	0.1515	0.9900990099009901
phylter-k020-island_0	1213	484	154	149	0.1515	0.9900990099009901
phylter-k020-island_0	35	1864	18	83	0.0505	0.9900990099009901
phylter-k020-island_0	147	1353	64	436	0.25	0.6
phylter-k020-island_0	1001	374	353	272	0.3125	0.8016
phylter-k020-island_0	49	1618	25	308	0.1665	0.6006006006006006
phylter-k020-island_0	351	649	331	669	0.5	0.6
phylter-k020-island_0	534	800	224	442	0.333	0.6006006006006006
phylter-k020-island_0	81	1669	45	205	0.125	0.804
phylter-k020-island_0	20	1475	25	480	0.2525	0.9900990099009901
phylter-k020-island_0	689	1008	104	199	0.1515	0.9900990099009901
phylter-k020-island_0	365	886	268	481	0.3745	0.801068090787717
phylter-k020-island_0	707	1127	84	82	0.083	0.6024096385542168
phylter-k020-island_0	189	1145	106	560	0.333	0.6006006006006006
phylter-k020-island_0	549	1326	40	85	0.0625	0.808
phylter-k020-island_0	1043	452	308	197	0.2525	0.9900990099009901
phylter-k020-island_0	194	1140	133	533	0.333	0.6006006006006006
phylter-k020-island_0	494	1381	38	87	0.0625	0.808
phylter-k020-island_0	290	1508	49	153	0.101	0.9900990099009901
phylter-k020-island_0	766	485	456	293	0.3745	0.801068090787717
phylter-k020-island_0	73	1761	3	163	0.083	0.6024096385542168
phylter-k020-island_0	802	592	311	295	0.303	0.9900990099009901
phylter-k020-island_0	176	1491	46	287	0.1665	0.6006006006006006
phylter-k020-island_0	495	505	473	527	0.5	0.6
phylter-k020-island_0	876	619	200	305	0.2525	0.9900990099009901
phylter-k020-island_0	185	1315	77	423	0.25	0.6
phylter-k020-island_0	21	1777	9	193	0.101	0.9900990099009901
phylter-k020-island_0	46	1454	29	471	0.25	0.6
phylter-k020-island_0	775	1023	68	134	0.101	0.9900990099009901
phylter-k020-island_0	660	591	401	348	0.3745	0.801068090787717
phylter-k020-island_0	26	1641	35	298	0.1665	0.6006006006006006
phylter-k020-island_0	281	719	317	683	0.5	0.6
phylter-k020-island_0	1187	688	87	38	0.0625	0.808
phylter-k020-island_0	577	817	133	473	0.303	0.9900990099009901
phylter-k020-island_0	1046	449	293	212	0.2525	0.9900990099009901
phylter-k020-island_0	286	1209	113	392	0.2525	0.9900990099009901
phylter-k020-island_0	143	1554	46	257	0.1515	0.9900990099009901
phylter-k020-island_0	1205	462	214	119	0.1665	0.6006006006006006
phylter-k020-island_0	648	519	443	390	0.4165	0.6002400960384153
phylter-k020-island_0	765	569	315	351	0.333	0.6006006006006006
phylter-k020-island_0	819	575	273	333	0.303	0.9900990099009901
phylter-k020-island_0	23	1775	32	170	0.101	0.9900990099009901
phylter-k020-island_0	882	493	319	306	0.3125	0.8016
phylter-k020-island_0	960	540	315	185	0.25	0.6
phylter-k020-island_0	365	1135	134	366	0.25	0.6
phylter-k020-island_0	910	989	27	74	0.0505	0.9900990099009901
phylter-k020-island_0	992	806	87	115	0.101	0.9900990099009901
phylter-k020-island_0	848	1051	0	101	0.0505	0.9900990099009901
phylter-k020-island_0	822	1077	0	101	0.0505	0.9900990099009901
phylter-k020-island_0	526	974	180	320	0.25	0.6
phylter-k020-island_0	138	1559	67	236	0.1515	0.9900990099009901
phylter-k020-island_0	453	1042	141	364	0.2525	0.9900990099009901
phylter-k020-island_0	312	1284	102	302	0.202	0.9900990099009901
phylter-k020-island_0	1086	308	409	197	0.303	0.9900990099009901
phylter-k020-island_0	67	1100	72	761	0.4165	0.6002400960384153
phylter-k020-island_0	26	1641	17	316	0.1665	0.6006006006006006
phylter-k020-island_0	747	420	499	334	0.4165	0.6002400960384153
phylter-k020-island_0	781	719	241	259	0.25	0.6
phylter-k020-island_0	626	874	188	312	0.25	0.6
phylter-k020-island_0	202	1697	28	73	0.0505	0.9900990099009901
phylter-k020-island_0	403	972	217	408	0.3125	0.8016
phylter-k020-island_0	104	1563	29	304	0.1665	0.6006006006006006
phylter-k020-island_0	37	1838	15	110	0.0625	0.808
phylter-k020-island_0	758	576	355	311	0.333	0.6006006006006006
phylter-k020-island_0	591	1005	113	291	0.202	0.9900990099009901
phylter-k020-island_0	295	1580	15	110	0.0625	0.808
phylter-k020-island_0	566	768	263	403	0.333	0.6006006006006006
phylter-k020-island_0	556	838	248	358	0.303	0.9900990099009901
phylter-k020-island_0	650	946	150	254	0.202	0.9900990099009901
phylter-k020-island_0	1065	834	45	56	0.0505	0.9900990099009901
phylter-k020-island_0	15	1485	29	471	0.25	0.6
phylter-k020-island_0	767	400	467	366	0.4165	0.6002400960384153
phylter-k020-island_0	385	990	206	419	0.3125	0.8016
phylter-k020-island_0	273	1222	115	390	0.2525	0.9900990099009901
phylter-k020-island_0	601	1096	82	221	0.1515	0.9900990099009901
phylter-k020-island_0	29	971	44	956	0.5	0.6
phylter-k020-island_0	695	699	221	385	0.303	0.9900990099009901
phylter-k020-island_0	28	1770	47	155	0.101	0.9900990099009901
phylter-k020-island_0	368	883	252	497	0.3745	0.801068090787717
phylter-k020-island_0	409	758	336	497	0.4165	0.6002400960384153
phylter-k020-island_0	396	1503	38	63	0.0505	0.9900990099009901
phylter-k020-island_0	32	1766	10	192	0.101	0.9900990099009901
phylter-k020-island_0	485	1414	26	75	0.0505	0.9900990099009901
phylter-k020-island_0	724	973	106	197	0.1515	0.9900990099009901
phylter-k020-island_0	593	902	216	289	0.2525	0.9900990099009901
phylter-k020-island_0	1015	379	303	303	0.303	0.9900990099009901
phylter-k020-island_0	499	501	437	563	0.5	0.6
phylter-k020-island_0	1187	712	55	46	0.0505	0.9900990099009901
phylter-k020-island_0	478	689	320	513	0.4165	0.6002400960384153
phylter-k020-island_0	545	1253	122	80	0.101	0.9900990099009901
phylter-k020-island_0	263	1571	47	119	0.083	0.6024096385542168
phylter-k020-island_0	854	397	478	271	0.3745	0.801068090787717
phylter-k020-island_0	1017	358	376	249	0.3125	0.8016
phylter-k020-island_0	393	1233	80	294	0.187	0.8021390374331551
phylter-k020-island_0	294	1302	100	304	0.202	0.9900990099009901
phylter-k020-island_0	1371	379	168	82	0.125	0.804
phylter-k020-island_0	165	1461	67	307	0.187	0.8021390374331551
phylter-k020-island_0	515	980	181	324	0.2525	0.9900990099009901
phylter-k020-island_0	64	1686	16	234	0.125	0.804
phylter-k020-island_0	801	795	160	244	0.202	0.9900990099009901
phylter-k020-island_0	149	1018	137	696	0.4165	0.6002400960384153
phylter-k020-island_0	665	586	368	381	0.3745	0.801068090787717
phylter-k020-island_0	1017	358	393	232	0.3125	0.8016
phylter-k020-island_0	19	1731	29	221	0.125	0.804
phylter-k020-island_0	377	1123	121	379	0.25	0.802
phylter-k020-island_0	566	1060	76	298	0.187	0.8021390374331551
phylter-k020-island_0	855	520	320	305	0.3125	0.8016
phylter-k020-island_0	79	1172	105	644	0.3745	0.801068090787717
phylter-k020-island_0	89	1745	24	142	0.083	0.6024096385542168
phylter-k020-island_0	900	696	171	233	0.202	0.9900990099009901
phylter-k020-island_0	137	1114	54	695	0.3745	0.801068090787717
phylter-k020-island_0	190	1644	42	124	0.083	0.6024096385542168
phylter-k020-island_0	967	629	210	194	0.202	0.9900990099009901
phylter-k020-island_0	691	684	281	344	0.3125	0.8016
phylter-k020-island_0	573	1053	120	254	0.187	0.8021390374331551
phylter-k020-island_0	376	1124	142	358	0.25	0.802
phylter-k020-island_0	97	1403	57	443	0.25	0.802
phylter-k020-island_0	829	969	68	134	0.101	0.9900990099009901
phylter-k020-island_0	102	898	155	845	0.5	0.6
phylter-k020-island_0	287	1463	30	220	0.125	0.804
phylter-k020-island_0	375	1292	102	231	0.1665	0.6006006006006006
phylter-k020-island_0	1163	337	293	207	0.25	0.802
phylter-k020-island_0	336	664	365	635	0.5	0.6
phylter-k020-island_0	334	1416	31	219	0.125	0.804
phylter-k020-island_0	701	895	134	270	0.202	0.9900990099009901
phylter-k020-island_0	1021	479	268	232	0.25	0.802
phylter-k020-island_0	581	670	337	412	0.3745	0.801068090787717
phylter-k020-island_0	27	1473	33	467	0.25	0.802
phylter-k020-island_0	1009	866	55	70	0.0625	0.808
phylter-k020-island_0	682	652	289	377	0.333	0.6006006006006006
phylter-k020-island_0	270	981	231	518	0.3745	0.801068090787717
phylter-k020-island_0	991	635	180	194	0.187	0.8021390374331551
phylter-k020-island_0	17	1609	12	362	0.187	0.8021390374331551
phylter-k020-island_0	745	755	210	290	0.25	0.6
phylter-k020-island_0	47	1787	5	161	0.083	0.6024096385542168
phylter-k020-island_0	648	1227	34	91	0.0625	0.808
phylter-k020-island_0	193	1141	48	618	0.333	0.6006006006006006
phylter-k020-island_0	76	1591	40	293	0.1665	0.6006006006006006
phylter-k020-island_0	716	784	231	269	0.25	0.6
phylter-k020-island_0	834	792	185	189	0.187	0.8021390374331551
phylter-k020-island_0	441	810	266	483	0.3745	0.801068090787717
phylter-k020-island_0	929	738	159	174	0.1665	0.6006006006006006
phylter-k020-island_0	242	1092	144	522	0.333	0.6006006006006006
phylter-k020-island_0	1205	462	223	110	0.1665	0.6006006006006006
phylter-k020-island_0	26	1724	12	238	0.125	0.804
phylter-k020-island_0	224	1276	55	445	0.25	0.6
phylter-k020-island_0	325	1509	61	105	0.083	0.6024096385542168
phylter-k020-island_0	404	1096	158	342	0.25	0.6
phylter-k020-island_0	242	1258	95	405	0.25	0.6
phylter-k020-island_0	598	777	203	422	0.3125	0.8016
phylter-k020-island_0	70	1805	25	100	0.0625	0.808
phylter-k020-island_0	750	584	320	346	0.333	0.6006006006006006
phylter-k020-island_0	18	1649	13	320	0.1665	0.6006006006006006
phylter-k020-island_0	720	876	181	223	0.202	0.9900990099009901
phylter-k020-island_0	397	997	229	377	0.303	0.9900990099009901
phylter-k020-island_0	866	1009	37	88	0.0625	0.808
phylter-k020-island_0	936	398	432	234	0.333	0.6006006006006006
phylter-k020-island_0	220	1376	66	338	0.202	0.9900990099009901
phylter-k020-island_0	275	1624	34	67	0.0505	0.9900990099009901
phylter-k020-island_0	716	659	259	366	0.3125	0.8016
phylter-k020-island_0	982	715	144	159	0.1515	0.9900990099009901
phylter-k020-island_0	953	542	230	275	0.2525	0.9900990099009901
phylter-k020-island_0	358	1036	177	429	0.303	0.9900990099009901
phylter-k020-island_0	277	1057	185	481	0.333	0.6006006006006006
phylter-k020-island_0	522	645	348	485	0.4165	0.6002400960384153
phylter-k020-island_0	731	936	138	195	0.1665	0.6006006006006006
phylter-k020-island_0	871	504	291	334	0.3125	0.8016
phylter-k020-island_0	16	1883	3	98	0.0505	0.9900990099009901
phylter-k020-island_0	700	800	170	330	0.25	0.6
phylter-k020-island_0	1128	372	307	193	0.25	0.6
phylter-k020-island_0	309	1489	42	160	0.101	0.9900990099009901
phylter-k020-island_0	68	1432	55	445	0.25	0.6
phylter-k020-island_0	180	1719	21	80	0.0505	0.9900990099009901
phylter-k020-island_0	8	1588	22	382	0.202	0.9900990099009901
phylter-k020-island_0	1009	486	221	284	0.2525	0.9900990099009901
phylter-k020-island_0	327	1370	77	226	0.1515	0.9900990099009901
phylter-k020-island_0	574	1093	111	222	0.1665	0.6006006006006006
phylter-k020-island_0	700	467	453	380	0.4165	0.6002400960384153
phylter-k020-island_0	580	814	212	394	0.303	0.9900990099009901
phylter-k020-island_0	33	1866	24	77	0.0505	0.9900990099009901
phylter-k020-island_0	775	392	509	324	0.4165	0.6002400960384153
phylter-k020-island_0	214	1620	46	120	0.083	0.6024096385542168
phylter-k020-island_0	672	703	269	356	0.3125	0.8016
phylter-k020-island_0	858	393	427	322	0.3745	0.801068090787717
phylter-k020-island_0	844	954	102	100	0.101	0.9900990099009901
phylter-k020-island_0	264	1362	81	293	0.187	0.8021390374331551
phylter-k020-island_0	243	1507	57	193	0.125	0.804
phylter-k020-island_0	251	1446	67	236	0.1515	0.9900990099009901
phylter-k020-island_0	527	1069	137	267	0.202	0.9900990099009901
phylter-k020-island_0	386	1240	86	288	0.187	0.8021390374331551
phylter-k020-island_0	124	1472	49	355	0.202	0.9900990099009901
phylter-k020-island_0	615	880	136	369	0.2525	0.9900990099009901
phylter-k020-island_0	912	838	99	151	0.125	0.804
phylter-k020-island_0	619	548	399	434	0.4165	0.6002400960384153
phylter-k020-island_0	100	1734	19	147	0.083	0.6024096385542168
phylter-k020-island_0	896	479	315	310	0.3125	0.8016
phylter-k020-island_0	840	411	417	332	0.3745	0.801068090787717
phylter-k020-island_0	497	1200	96	207	0.1515	0.9900990099009901
phylter-k020-island_0	429	1066	182	323	0.2525	0.9900990099009901
phylter-k020-island_0	484	910	238	368	0.303	0.9900990099009901
phylter-k020-island_0	714	286	578	422	0.5	0.6
phylter-k020-island_0	183	1068	127	622	0.3745	0.801068090787717
phylter-k020-island_0	790	1044	26	140	0.083	0.6024096385542168
phylter-k020-island_0	988	810	114	88	0.101	0.9900990099009901
phylter-k020-island_0	467	700	256	577	0.4165	0.6002400960384153
phylter-k020-island_0	17	1882	3	98	0.0505	0.9900990099009901
phylter-k020-island_0	1120	678	92	110	0.101	0.9900990099009901
phylter-k020-island_0	25	1874	5	96	0.0505	0.9900990099009901
phylter-k020-island_0	932	563	268	237	0.2525	0.9900990099009901
phylter-k020-island_0	176	1521	78	225	0.1515	0.9900990099009901
phylter-k020-island_0	610	390	602	398	0.5	0.6
phylter-k020-island_0	653	741	257	349	0.303	0.9900990099009901
phylter-k020-island_0	1126	374	325	175	0.25	0.802
phylter-k020-island_0	129	1538	54	279	0.1665	0.6006006006006006
phylter-k020-island_0	181	819	211	789	0.5	0.6
phylter-k020-island_0	429	1321	86	164	0.125	0.804
phylter-k020-island_0	699	301	612	388	0.5	0.6
phylter-k020-island_0	271	1229	110	390	0.25	0.802
phylter-k020-island_0	592	1075	107	226	0.1665	0.6006006006006006
phylter-k020-island_0	1027	723	109	141	0.125	0.804
phylter-k020-island_0	131	1369	88	412	0.25	0.802
phylter-k020-island_0	513	1083	145	259	0.202	0.9900990099009901
phylter-k020-island_0	442	809	284	465	0.3745	0.801068090787717
phylter-k020-island_0	951	799	115	135	0.125	0.804
phylter-k020-island_0	449	926	153	472	0.3125	0.8016
phylter-k020-island_0	33	1593	17	357	0.187	0.8021390374331551
phylter-k020-island_0	214	1286	108	392	0.25	0.802
phylter-k020-island_0	741	510	377	372	0.3745	0.801068090787717
phylter-k020-island_0	809	1025	59	107	0.083	0.6024096385542168
phylter-k020-island_0	921	330	472	277	0.3745	0.801068090787717
phylter-k020-island_0	949	885	64	102	0.083	0.6024096385542168
phylter-k020-island_0	982	614	219	185	0.202	0.9900990099009901
phylter-k020-island_0	568	932	197	303	0.25	0.802
phylter-k020-island_0	573	1094	120	213	0.1665	0.6006006006006006
phylter-k020-island_0	878	748	140	234	0.187	0.8021390374331551
phylter-k020-island_0	71	1304	57	568	0.3125	0.8016
phylter-k020-island_0	466	1160	125	249	0.187	0.8021390374331551
phylter-k020-island_0	356	1144	144	356	0.25	0.6
phylter-k020-island_0	388	1279	87	246	0.1665	0.6006006006006006
phylter-k020-island_0	507	1243	86	164	0.125	0.804
phylter-k020-island_0	1161	506	214	119	0.1665	0.6006006006006006
phylter-k020-island_0	21	1313	42	624	0.333	0.6006006006006006
phylter-k020-island_0	537	1213	79	171	0.125	0.804
phylter-k020-island_0	380	1454	32	134	0.083	0.6024096385542168
phylter-k020-island_0	708	792	190	310	0.25	0.6
phylter-k020-island_0	671	1204	60	65	0.0625	0.808
phylter-k020-island_0	1019	315	444	222	0.333	0.6006006006006006
phylter-k020-island_0	506	994	174	326	0.25	0.802
phylter-k020-island_0	914	337	466	283	0.3745	0.801068090787717
phylter-k020-island_0	389	986	113	512	0.3125	0.8016
phylter-k020-island_0	517	1109	144	230	0.187	0.8021390374331551
phylter-k020-island_0	519	1315	54	112	0.083	0.6024096385542168
phylter-k020-island_0	459	792	279	470	0.3745	0.801068090787717
phylter-k020-island_0	379	1455	48	118	0.083	0.6024096385542168
phylter-k020-island_0	15	1485	37	463	0.25	0.6
phylter-k020-island_0	1011	585	224	180	0.202	0.9900990099009901
phylter-k020-island_0	609	891	202	298	0.25	0.802
phylter-k020-island_0	724	943	122	211	0.1665	0.6006006006006006
phylter-k020-island_0	406	1469	15	110	0.0625	0.808
phylter-k020-island_0	669	665	310	356	0.333	0.6006006006006006
phylter-k020-island_0	876	458	360	306	0.333	0.6006006006006006
phylter-k020-island_0	812	814	140	234	0.187	0.8021390374331551
phylter-k020-island_0	745	1053	57	145	0.101	0.9900990099009901
phylter-k020-island_0	267	1567	38	128	0.083	0.6024096385542168
phylter-k020-island_0	615	636	302	447	0.3745	0.801068090787717
phylter-k020-island_0	762	864	165	209	0.187	0.8021390374331551
phylter-k020-island_0	512	1286	43	159	0.101	0.9900990099009901
phylter-k020-island_0	451	883	268	398	0.333	0.6006006006006006
phylter-k020-island_0	708	686	256	350	0.303	0.9900990099009901
phylter-k020-island_0	199	1195	125	481	0.303	0.9900990099009901
phylter-k020-island_0	1090	708	95	107	0.101	0.9900990099009901
phylter-k020-island_0	649	851	179	321	0.25	0.802
phylter-k020-island_0	1041	834	58	67	0.0625	0.808
phylter-k020-island_0	747	879	142	232	0.187	0.8021390374331551
phylter-k020-island_0	1175	421	195	209	0.202	0.9900990099009901
phylter-k020-island_0	621	546	387	446	0.4165	0.6002400960384153
phylter-k020-island_0	990	385	378	247	0.3125	0.8016
phylter-k020-island_0	569	598	368	465	0.4165	0.6002400960384153
phylter-k020-island_0	923	452	320	305	0.3125	0.8016
phylter-k020-island_0	367	633	414	586	0.5	0.6
phylter-k020-island_0	595	739	249	417	0.333	0.6006006006006006
phylter-k020-island_0	531	863	217	389	0.303	0.9900990099009901
phylter-k020-island_0	220	1406	110	264	0.187	0.8021390374331551
phylter-k020-island_0	13	1487	11	489	0.25	0.802
phylter-k020-island_0	914	961	32	93	0.0625	0.808
phylter-k020-island_0	1134	462	246	158	0.202	0.9900990099009901
phylter-k020-island_0	439	936	197	428	0.3125	0.8016
phylter-k020-island_0	1267	632	52	49	0.0505	0.9900990099009901
phylter-k020-island_0	557	1193	88	162	0.125	0.804
phylter-k020-island_0	854	641	204	301	0.2525	0.9900990099009901
phylter-k020-island_0	416	1281	96	207	0.1515	0.9900990099009901
phylter-k020-island_0	1057	569	200	174	0.187	0.8021390374331551
phylter-k020-island_0	223	1474	62	241	0.1515	0.9900990099009901
phylter-k020-island_0	271	1224	100	405	0.2525	0.9900990099009901
phylter-k020-island_0	894	702	242	162	0.202	0.9900990099009901
phylter-k020-island_0	656	1094	82	168	0.125	0.804
phylter-k020-island_0	545	849	285	321	0.303	0.9900990099009901
phylter-k020-island_0	394	606	397	603	0.5	0.6
phylter-k020-island_0	279	1620	16	85	0.0505	0.9900990099009901
phylter-k020-island_0	369	1131	91	409	0.25	0.6
phylter-k020-island_0	124	1543	45	288	0.1665	0.6006006006006006
phylter-k020-island_0	660	340	610	390	0.5	0.6
phylter-k020-island_0	404	1192	135	269	0.202	0.9900990099009901
phylter-k020-island_0	169	1581	41	209	0.125	0.804
phylter-k020-island_0	821	674	227	278	0.2525	0.9900990099009901
phylter-k020-island_0	267	1430	57	246	0.1515	0.9900990099009901
phylter-k020-island_0	1171	526	140	163	0.1515	0.9900990099009901
phylter-k020-island_0	730	1169	19	82	0.0505	0.9900990099009901
phylter-k020-island_0	216	1284	92	408	0.25	0.6
phylter-k020-island_0	84	1416	39	461	0.25	0.6
phylter-k020-island_0	80	1819	19	82	0.0505	0.9900990099009901
phylter-k020-island_0	159	1538	52	251	0.1515	0.9900990099009901
phylter-k020-island_0	169	1206	99	526	0.3125	0.8016
phylter-k020-island_0	11	1323	47	619	0.333	0.6006006006006006
phylter-k020-island_0	438	1229	97	236	0.1665	0.6006006006006006
phylter-k020-island_0	741	259	660	340	0.5	0.6
phylter-k020-island_0	464	1233	79	224	0.1515	0.9900990099009901
phylter-k020-island_0	464	1031	29	476	0.2525	0.9900990099009901
phylter-k020-island_0	1172	578	135	115	0.125	0.804
phylter-k020-island_0	585	790	198	427	0.3125	0.8016
phylter-k020-island_0	742	509	324	425	0.3745	0.801068090787717
phylter-k020-island_0	390	777	137	696	0.4165	0.6002400960384153
phylter-k020-island_0	637	959	93	311	0.202	0.9900990099009901
phylter-k020-island_0	169	831	260	740	0.5	0.6
phylter-k020-island_0	973	527	241	259	0.25	0.802
phylter-k020-island_0	423	1375	42	160	0.101	0.9900990099009901
phylter-k020-island_0	87	1788	14	111	0.0625	0.808
phylter-k020-island_0	544	790	225	441	0.333	0.6006006006006006
phylter-k020-island_0	463	1133	123	281	0.202	0.9900990099009901
phylter-k020-island_0	69	1806	24	101	0.0625	0.808
phylter-k020-island_0	16	1318	19	647	0.333	0.6006006006006006
phylter-k020-island_0	446	1221	105	228	0.1665	0.6006006006006006
phylter-k020-island_0	285	1215	116	384	0.25	0.802
phylter-k020-island_0	815	983	78	124	0.101	0.9900990099009901
phylter-k020-island_0	593	782	242	383	0.3125	0.8016
phylter-k020-island_0	473	778	255	494	0.3745	0.801068090787717
phylter-k020-island_0	782	385	511	322	0.4165	0.6002400960384153
phylter-k020-island_0	69	1431	82	418	0.25	0.6
phylter-k020-island_0	200	1467	55	278	0.1665	0.6006006006006006
phylter-k020-island_0	450	550	349	651	0.5	0.6
phylter-k020-island_0	211	1183	131	475	0.303	0.9900990099009901
phylter-k020-island_0	303	1197	116	384	0.25	0.6
phylter-k020-island_0	537	1261	69	133	0.101	0.9900990099009901
phylter-k020-island_0	39	1461	38	462	0.25	0.6
phylter-k020-island_0	825	426	430	319	0.3745	0.801068090787717
phylter-k020-island_0	354	1444	58	144	0.101	0.9900990099009901
phylter-k020-island_0	116	1759	34	91	0.0625	0.808
phylter-k020-island_0	213	787	199	801	0.5	0.6
phylter-k020-island_0	493	1002	221	284	0.2525	0.9900990099009901
phylter-k020-island_0	268	983	180	569	0.3745	0.801068090787717
phylter-k020-island_0	550	1284	50	116	0.083	0.6024096385542168
phylter-k020-island_0	584	750	269	397	0.333	0.6006006006006006
phylter-k020-island_0	25	1850	5	120	0.0625	0.808
phylter-k020-island_0	806	689	193	312	0.2525	0.9900990099009901
phylter-k020-island_0	208	1126	105	561	0.333	0.6006006006006006
phylter-k020-island_0	33	1842	9	116	0.0625	0.808
phylter-k020-island_0	863	388	398	351	0.3745	0.801068090787717
phylter-k020-island_0	38	1760	21	181	0.101	0.9900990099009901
phylter-k020-island_0	190	1644	25	141	0.083	0.6024096385542168
phylter-k020-island_0	138	1237	110	515	0.3125	0.8016
phylter-k020-island_0	19	1232	33	716	0.3745	0.801068090787717
phylter-k020-island_0	524	1310	53	113	0.083	0.6024096385542168
phylter-k020-island_0	829	338	526	307	0.4165	0.6002400960384153
phylter-k020-island_0	366	1468	15	151	0.083	0.6024096385542168
phylter-k020-island_0	366	1230	100	304	0.202	0.9900990099009901
phylter-k020-island_0	37	1713	38	212	0.125	0.804
phylter-k020-island_0	287	713	343	657	0.5	0.6
phylter-k020-island_0	928	466	269	337	0.303	0.9900990099009901
phylter-k020-island_0	278	1348	91	283	0.187	0.8021390374331551
phylter-k020-island_0	621	1129	79	171	0.125	0.804
phylter-k020-island_0	230	1366	86	318	0.202	0.9900990099009901
phylter-k020-island_0	1102	524	221	153	0.187	0.8021390374331551
phylter-k020-island_0	548	827	227	398	0.3125	0.8016
phylter-k020-island_0	651	600	302	447	0.3745	0.801068090787717
phylter-k020-island_0	1028	806	79	87	0.083	0.6024096385542168
phylter-k020-island_0	234	933	191	642	0.4165	0.6002400960384153
phylter-k020-island_0	614	386	581	419	0.5	0.6
phylter-k020-island_0	820	574	223	383	0.303	0.9900990099009901
phylter-k020-island_0	1093	503	237	167	0.202	0.9900990099009901
phylter-k020-island_0	434	1263	86	217	0.1515	0.9900990099009901
phylter-k020-island_0	283	1212	122	383	0.2525	0.9900990099009901
phylter-k020-island_0	418	1481	36	65	0.0505	0.9900990099009901
phylter-k020-island_0	33	1765	7	195	0.101	0.9900990099009901
phylter-k020-island_0	45	1854	10	91	0.0505	0.9900990099009901
phylter-k020-island_0	182	1193	107	518	0.3125	0.8016
phylter-k020-island_0	417	977	205	401	0.303	0.9900990099009901
phylter-k020-island_0	579	1047	147	227	0.187	0.8021390374331551
phylter-k020-island_0	341	659	377	623	0.5	0.6
phylter-k020-island_0	843	652	247	258	0.2525	0.9900990099009901
phylter-k020-island_0	1378	372	192	58	0.125	0.804
phylter-k020-island_0	65	1632	31	272	0.1515	0.9900990099009901
phylter-k020-island_0	611	764	276	349	0.3125	0.8016
phylter-k020-island_0	115	1385	45	455	0.25	0.6
phylter-k020-island_0	202	965	201	632	0.4165	0.6002400960384153
phylter-k020-island_0	119	1780	22	79	0.0505	0.9900990099009901
phylter-k020-island_0	928	668	190	214	0.202	0.9900990099009901
phylter-k020-island_0	1061	434	291	214	0.2525	0.9900990099009901
phylter-k020-island_0	1109	391	365	135	0.25	0.802
phylter-k020-island_0	817	350	531	302	0.4165	0.6002400960384153
phylter-k020-island_0	8	1326	8	658	0.333	0.6006006006006006
phylter-k020-island_0	373	1502	43	82	0.0625	0.808
phylter-k020-island_0	80	1617	86	217	0.1515	0.9900990099009901
phylter-k020-island_0	286	1310	92	312	0.202	0.9900990099009901
phylter-k020-island_0	377	957	146	520	0.333	0.6006006006006006
phylter-k020-island_0	941	434	393	232	0.3125	0.8016
phylter-k020-island_0	37	1761	43	159	0.101	0.9900990099009901
phylter-k020-island_0	85	1814	27	74	0.0505	0.9900990099009901
phylter-k020-island_0	816	1083	46	55	0.0505	0.9900990099009901
phylter-k020-island_0	635	532	418	415	0.4165	0.6002400960384153
phylter-k020-island_0	360	1140	127	373	0.25	0.6
phylter-k020-island_0	475	692	368	465	0.4165	0.6002400960384153
phylter-k020-island_0	796	871	155	178	0.1665	0.6006006006006006
phylter-k020-island_0	806	588	260	346	0.303	0.9900990099009901
phylter-k020-island_0	56	1641	23	280	0.1515	0.9900990099009901
phylter-k020-island_0	649	846	218	287	0.2525	0.9900990099009901
phylter-k020-island_0	53	1447	28	472	0.25	0.6
phylter-k020-island_0	1009	890	46	55	0.0505	0.9900990099009901
phylter-k020-island_0	29	1769	9	193	0.101	0.9900990099009901
phylter-k020-island_0	564	603	381	452	0.4165	0.6002400960384153
phylter-k020-island_0	966	933	1	100	0.0505	0.9900990099009901
phylter-k020-island_0	136	1364	51	449	0.25	0.6
phylter-k020-island_0	82	1793	20	105	0.0625	0.808
phylter-k020-island_0	584	810	234	372	0.303	0.9900990099009901
phylter-k020-island_0	190	1305	137	368	0.2525	0.9900990099009901
phylter-k020-island_0	208	1489	41	262	0.1515	0.9900990099009901
phylter-k020-island_0	336	1414	16	234	0.125	0.804
phylter-k020-island_0	182	1318	93	407	0.25	0.6
phylter-k020-island_0	999	751	133	117	0.125	0.804
phylter-k020-island_0	847	820	158	175	0.1665	0.6006006006006006
phylter-k020-island_0	6	1494	22	478	0.25	0.802
phylter-k020-island_0	58	1817	9	116	0.0625	0.808
phylter-k020-island_0	990	707	157	146	0.1515	0.9900990099009901
phylter-k020-island_0	67	1683	31	219	0.125	0.804
phylter-k020-island_0	217	1450	68	265	0.1665	0.6006006006006006
phylter-k020-island_0	542	958	168	332	0.25	0.6
phylter-k020-island_0	121	1379	124	376	0.25	0.802
phylter-k020-island_0	166	1168	83	583	0.333	0.6006006006006006
phylter-k020-island_0	904	971	45	80	0.0625	0.808
phylter-k020-island_0	500	1334	89	77	0.083	0.6024096385542168
phylter-k020-island_0	148	1478	52	322	0.187	0.8021390374331551
phylter-k020-island_0	671	580	365	384	0.3745	0.801068090787717
phylter-k020-island_0	274	1352	91	283	0.187	0.8021390374331551
phylter-k020-island_0	629	1205	50	116	0.083	0.6024096385542168
phylter-k020-island_0	103	1148	80	669	0.3745	0.801068090787717
phylter-k020-island_0	358	976	183	483	0.333	0.6006006006006006
phylter-k020-island_0	1312	563	80	45	0.0625	0.808
phylter-k020-island_0	322	1178	119	381	0.25	0.802
phylter-k020-island_0	828	922	175	75	0.125	0.804
phylter-k020-island_0	302	1532	34	132	0.083	0.6024096385542168
phylter-k020-island_0	498	1002	184	316	0.25	0.802
phylter-k020-island_0	1108	642	148	102	0.125	0.804
phylter-k020-island_0	136	864	187	813	0.5	0.6
phylter-k020-island_0	205	1462	59	274	0.1665	0.6006006006006006
phylter-k020-island_0	986	408	405	201	0.303	0.9900990099009901
phylter-k020-island_0	155	1471	58	316	0.187	0.8021390374331551
phylter-k020-island_0	453	922	223	402	0.3125	0.8016
phylter-k020-island_0	44	1706	57	193	0.125	0.804
phylter-k020-island_0	1026	641	171	162	0.1665	0.6006006006006006
phylter-k020-island_0	117	883	92	908	0.5	0.6
phylter-k020-island_0	69	1431	47	453	0.25	0.802
phylter-k020-island_0	1087	288	388	237	0.3125	0.8016
phylter-k020-island_0	833	793	152	222	0.187	0.8021390374331551
phylter-k020-island_0	708	792	192	308	0.25	0.802
phylter-k020-island_0	1289	307	265	139	0.202	0.9900990099009901
phylter-k020-island_0	209	1625	61	105	0.083	0.6024096385542168
phylter-k020-island_0	183	1068	165	584	0.3745	0.801068090787717
phylter-k020-island_0	925	671	178	226	0.202	0.9900990099009901
phylter-k020-island_0	168	1666	26	140	0.083	0.6024096385542168
phylter-k020-island_0	429	822	260	489	0.3745	0.801068090787717
phylter-k020-island_0	21	1605	17	357	0.187	0.8021390374331551
phylter-k020-island_0	428	947	192	433	0.3125	0.8016
phylter-k020-island_0	507	993	165	335	0.25	0.802
phylter-k020-island_0	286	714	319	681	0.5	0.6
phylter-k020-island_0	669	826	197	308	0.2525	0.9900990099009901
phylter-k020-island_0	174	1422	63	341	0.202	0.9900990099009901
phylter-k020-island_0	266	1484	46	204	0.125	0.804
phylter-k020-island_0	450	1176	105	269	0.187	0.8021390374331551
phylter-k020-island_0	126	1749	24	101	0.0625	0.808
phylter-k020-island_0	282	1218	144	356	0.25	0.802
phylter-k020-island_0	402	973	214	411	0.3125	0.8016
phylter-k020-island_0	730	270	641	359	0.5	0.6
phylter-k020-island_0	51	1116	71	762	0.4165	0.6002400960384153
phylter-k020-island_0	141	859	175	825	0.5	0.6
phylter-k020-island_0	353	1022	169	456	0.3125	0.8016
phylter-k020-island_0	281	1315	99	305	0.202	0.9900990099009901
phylter-k020-island_0	842	855	199	104	0.1515	0.9900990099009901
phylter-k020-island_0	228	1647	32	93	0.0625	0.808
phylter-k020-island_0	670	830	179	321	0.25	0.802
phylter-k020-island_0	44	1582	20	354	0.187	0.8021390374331551
phylter-k020-island_0	1156	743	40	61	0.0505	0.9900990099009901
phylter-k020-island_0	335	1059	139	467	0.303	0.9900990099009901
phylter-k020-island_0	220	1275	22	483	0.2525	0.9900990099009901
phylter-k020-island_0	272	1425	88	215	0.1515	0.9900990099009901
phylter-k020-island_0	1067	683	146	104	0.125	0.804
phylter-k020-island_0	596	904	219	281	0.25	0.802
phylter-k020-island_0	815	1060	7	118	0.0625	0.808
phylter-k020-island_0	703	691	253	353	0.303	0.9900990099009901
phylter-k020-island_0	41	1709	9	241	0.125	0.804
phylter-k020-island_0	512	1185	59	244	0.1515	0.9900990099009901
phylter-k020-island_0	204	1291	98	407	0.2525	0.9900990099009901
phylter-k020-island_0	622	545	394	439	0.4165	0.6002400960384153
phylter-k020-island_0	1210	689	57	44	0.0505	0.9900990099009901
phylter-k020-island_0	499	1127	109	265	0.187	0.8021390374331551
phylter-k020-island_0	434	960	172	434	0.303	0.9900990099009901
phylter-k020-island_0	150	1684	20	146	0.083	0.6024096385542168
phylter-k020-island_0	784	1050	49	117	0.083	0.6024096385542168
phylter-k020-island_0	228	1398	79	295	0.187	0.8021390374331551
phylter-k020-island_0	40	1758	15	187	0.101	0.9900990099009901
phylter-k020-island_0	772	622	298	308	0.303	0.9900990099009901
phylter-k020-island_0	591	743	263	403	0.333	0.6006006006006006
phylter-k020-island_0	499	835	212	454	0.333	0.6006006006006006
phylter-k020-island_0	460	1166	192	182	0.187	0.8021390374331551
phylter-k020-island_0	752	642	244	362	0.303	0.9900990099009901
phylter-k020-island_0	426	1408	58	108	0.083	0.6024096385542168
phylter-k020-island_0	159	1639	18	184	0.101	0.9900990099009901
phylter-k020-island_0	960	535	268	237	0.2525	0.9900990099009901
phylter-k020-island_0	343	991	175	491	0.333	0.6006006006006006
phylter-k020-island_0	726	668	244	362	0.303	0.9900990099009901
phylter-k020-island_0	387	613	401	599	0.5	0.6
phylter-k020-island_0	458	1042	162	338	0.25	0.6
phylter-k020-island_0	1431	367	136	66	0.101	0.9900990099009901
phylter-k020-island_0	165	1335	89	411	0.25	0.6
phylter-k020-island_0	400	1095	120	385	0.2525	0.9900990099009901
phylter-k020-island_0	681	319	635	365	0.5	0.6
phylter-k020-island_0	22	1645	11	322	0.1665	0.6006006006006006
phylter-k020-island_0	340	1054	66	540	0.303	0.9900990099009901
phylter-k020-island_0	272	1228	91	409	0.25	0.6
phylter-k020-island_0	751	1083	61	105	0.083	0.6024096385542168
phylter-k020-island_0	853	398	397	352	0.3745	0.801068090787717
phylter-k020-island_0	45	1830	12	113	0.0625	0.808
phylter-k020-island_0	462	872	226	440	0.333	0.6006006006006006
phylter-k020-island_0	26	1641	37	296	0.1665	0.6006006006006006
phylter-k020-island_0	222	778	258	742	0.5	0.6
phylter-k020-island_0	441	1434	34	91	0.0625	0.808
phylter-k020-island_0	231	1103	161	505	0.333	0.6006006006006006
phylter-k020-island_0	520	1106	71	303	0.187	0.8021390374331551
phylter-k020-island_0	227	1167	121	485	0.303	0.9900990099009901
phylter-k020-island_0	588	1246	48	118	0.083	0.6024096385542168
phylter-k020-island_0	701	550	401	348	0.3745	0.801068090787717
phylter-k020-island_0	538	957	184	321	0.2525	0.9900990099009901
phylter-k020-island_0	438	1259	35	268	0.1515	0.9900990099009901
phylter-k020-island_0	391	1359	51	199	0.125	0.804
phylter-k020-island_0	819	1056	54	71	0.0625	0.808
phylter-k020-island_0	41	1459	35	465	0.25	0.802
phylter-k020-island_0	535	465	463	537	0.5	0.6
phylter-k020-island_0	537	1261	48	154	0.101	0.9900990099009901
phylter-k020-island_0	318	933	213	536	0.3745	0.801068090787717
phylter-k020-island_0	1210	487	163	140	0.1515	0.9900990099009901
phylter-k020-island_0	561	606	371	462	0.4165	0.6002400960384153
phylter-k020-island_0	943	557	277	223	0.25	0.6
phylter-k020-island_0	293	1606	29	72	0.0505	0.9900990099009901
phylter-k020-island_0	260	1639	32	69	0.0505	0.9900990099009901
phylter-k020-island_0	462	1038	163	337	0.25	0.6
phylter-k020-island_0	16	1681	19	284	0.1515	0.9900990099009901
phylter-k020-island_0	703	1047	70	180	0.125	0.804
phylter-k020-island_0	30	1667	13	290	0.1515	0.9900990099009901
phylter-k020-island_0	588	907	185	320	0.2525	0.9900990099009901
phylter-k020-island_0	669	331	603	397	0.5	0.6
phylter-k020-island_0	17	1650	13	320	0.1665	0.6006006006006006
phylter-k020-island_0	111	1788	18	83	0.0505	0.9900990099009901
phylter-k020-island_0	506	661	322	511	0.4165	0.6002400960384153
phylter-k020-island_0	715	982	103	200	0.1515	0.9900990099009901
phylter-k020-island_0	911	464	341	284	0.3125	0.8016
phylter-k020-island_0	873	378	437	312	0.3745	0.801068090787717
phylter-k020-island_0	473	861	230	436	0.333	0.6006006006006006
phylter-k020-island_0	518	1357	30	95	0.0625	0.808
phylter-k020-island_0	835	963	64	138	0.101	0.9900990099009901
phylter-k020-island_0	1073	427	291	209	0.25	0.802
phylter-k020-island_0	231	1466	43	260	0.1515	0.9900990099009901
phylter-k020-island_0	16	1580	9	395	0.202	0.9900990099009901
phylter-k020-island_0	15	1783	9	193	0.101	0.9900990099009901
phylter-k020-island_0	1117	383	280	220	0.25	0.802
phylter-k020-island_0	145	1189	101	565	0.333	0.6006006006006006
phylter-k020-island_0	216	1659	21	104	0.0625	0.808
phylter-k020-island_0	926	670	176	228	0.202	0.9900990099009901
phylter-k020-island_0	561	1189	84	166	0.125	0.804
phylter-k020-island_0	385	1110	175	330	0.2525	0.9900990099009901
phylter-k020-island_0	453	714	308	525	0.4165	0.6002400960384153
phylter-k020-island_0	870	505	321	304	0.3125	0.8016
phylter-k020-island_0	123	1128	103	646	0.3745	0.801068090787717
phylter-k020-island_0	450	1449	33	68	0.0505	0.9900990099009901
phylter-k020-island_0	74	1320	55	551	0.303	0.9900990099009901
phylter-k020-island_0	950	800	114	136	0.125	0.804
phylter-k020-island_0	620	1077	116	187	0.1515	0.9900990099009901
phylter-k020-island_0	1108	387	268	237	0.2525	0.9900990099009901
phylter-k020-island_0	124	1270	90	516	0.303	0.9900990099009901
phylter-k020-island_0	590	910	172	328	0.25	0.802
phylter-k020-island_0	36	1839	6	119	0.0625	0.808
phylter-k020-island_0	499	996	155	350	0.2525	0.9900990099009901
phylter-k020-island_0	1063	634	140	163	0.1515	0.9900990099009901
phylter-k020-island_0	654	1096	98	152	0.125	0.804
phylter-k020-island_0	226	941	165	668	0.4165	0.6002400960384153
phylter-k020-island_0	320	1579	17	84	0.0505	0.9900990099009901
phylter-k020-island_0	964	632	195	209	0.202	0.9900990099009901
phylter-k020-island_0	34	1716	26	224	0.125	0.804
phylter-k020-island_0	278	1217	114	391	0.2525	0.9900990099009901
phylter-k020-island_0	515	985	165	335	0.25	0.802
phylter-k020-island_0	432	1443	18	107	0.0625	0.808
phylter-k020-island_0	1315	311	238	136	0.187	0.8021390374331551
phylter-k020-island_0	243	757	167	833	0.5	0.6
phylter-k020-island_0	762	613	310	315	0.3125	0.8016
phylter-k020-island_0	651	516	372	461	0.4165	0.6002400960384153
phylter-k020-island_0	879	496	368	257	0.3125	0.8016
phylter-k020-island_0	129	871	145	855	0.5	0.6
phylter-k020-island_0	748	419	448	385	0.4165	0.6002400960384153
phylter-k020-island_0	767	930	115	188	0.1515	0.9900990099009901
phylter-k020-island_0	609	987	171	233	0.202	0.9900990099009901
phylter-k020-island_0	374	1252	95	279	0.187	0.8021390374331551
phylter-k020-island_0	357	1518	37	88	0.0625	0.808
phylter-k020-island_0	921	579	274	226	0.25	0.802
phylter-k020-island_0	762	1036	61	141	0.101	0.9900990099009901
phylter-k020-island_0	284	1050	167	499	0.333	0.6006006006006006
phylter-k020-island_0	148	1246	25	581	0.303	0.9900990099009901
phylter-k020-island_0	592	1034	118	256	0.187	0.8021390374331551
phylter-k020-island_0	83	1311	76	530	0.303	0.9900990099009901
phylter-k020-island_0	297	703	237	763	0.5	0.6
phylter-k020-island_0	142	1192	99	567	0.333	0.6006006006006006
phylter-k020-island_0	65	1769	17	149	0.083	0.6024096385542168
phylter-k020-island_0	166	1632	24	178	0.101	0.9900990099009901
phylter-k020-island_0	1059	567	196	178	0.187	0.8021390374331551
phylter-k020-island_0	665	729	263	343	0.303	0.9900990099009901
phylter-k020-island_0	995	839	64	102	0.083	0.6024096385542168
phylter-k020-island_0	891	943	68	98	0.083	0.6024096385542168
phylter-k020-island_0	128	1498	34	340	0.187	0.8021390374331551
phylter-k020-island_0	909	925	72	94	0.083	0.6024096385542168
phylter-k020-island_0	73	1427	39	461	0.25	0.6
phylter-k020-island_0	292	1375	53	280	0.1665	0.6006006006006006
phylter-k020-island_0	399	1476	71	54	0.0625	0.808
phylter-k020-island_0	642	692	283	383	0.333	0.6006006006006006
phylter-k020-island_0	338	1056	179	427	0.303	0.9900990099009901
phylter-k020-island_0	141	1193	84	582	0.333	0.6006006006006006
phylter-k020-island_0	236	764	277	723	0.5	0.6
phylter-k020-island_0	496	1338	57	109	0.083	0.6024096385542168
phylter-k020-island_0	387	864	181	568	0.3745	0.801068090787717
phylter-k020-island_0	115	1380	62	443	0.2525	0.9900990099009901
phylter-k020-island_0	228	772	248	752	0.5	0.6
phylter-k020-island_0	563	1104	119	214	0.1665	0.6006006006006006
phylter-k020-island_0	583	811	234	372	0.303	0.9900990099009901
phylter-k020-island_0	86	1248	90	576	0.333	0.6006006006006006
phylter-k020-island_0	86	1712	26	176	0.101	0.9900990099009901
phylter-k020-island_0	76	1758	14	152	0.083	0.6024096385542168
phylter-k020-island_0	229	1271	79	421	0.25	0.6
phylter-k020-island_0	268	1530	52	150	0.101	0.9900990099009901
phylter-k020-island_0	987	513	282	218	0.25	0.6
phylter-k020-island_0	680	815	156	349	0.2525	0.9900990099009901
phylter-k020-island_0	884	510	360	246	0.303	0.9900990099009901
phylter-k020-island_0	497	503	458	542	0.5	0.6
phylter-k020-island_0	1097	570	189	144	0.1665	0.6006006006006006
phylter-k020-island_0	382	1315	64	239	0.1515	0.9900990099009901
phylter-k020-island_0	165	1734	20	81	0.0505	0.9900990099009901
phylter-k020-island_0	313	854	227	606	0.4165	0.6002400960384153
phylter-k020-island_0	842	409	478	271	0.3745	0.801068090787717
phylter-k020-island_0	875	500	324	301	0.3125	0.8016
phylter-k020-island_0	377	1421	70	132	0.101	0.9900990099009901
phylter-k020-island_0	200	1300	31	469	0.25	0.802
phylter-k020-island_0	90	1244	64	602	0.333	0.6006006006006006
phylter-k020-island_0	110	1765	48	77	0.0625	0.808
phylter-k020-island_0	479	1117	11	393	0.202	0.9900990099009901
phylter-k020-island_0	271	1426	39	264	0.1515	0.9900990099009901
phylter-k020-island_0	269	1606	21	104	0.0625	0.808
phylter-k020-island_0	916	584	245	255	0.25	0.802
phylter-k020-island_0	230	1265	95	410	0.2525	0.9900990099009901
phylter-k020-island_0	1063	533	215	189	0.202	0.9900990099009901
phylter-k020-island_0	731	1019	87	163	0.125	0.804
phylter-k020-island_0	605	562	321	512	0.4165	0.6002400960384153
phylter-k020-island_0	927	324	484	265	0.3745	0.801068090787717
phylter-k020-island_0	898	477	394	231	0.3125	0.8016
phylter-k020-island_0	1025	725	110	140	0.125	0.804
phylter-k020-island_0	838	859	116	187	0.1515	0.9900990099009901
phylter-k020-island_0	1040	455	246	259	0.2525	0.9900990099009901
phylter-k020-island_0	674	326	604	396	0.5	0.6
phylter-k020-island_0	988	679	147	186	0.1665	0.6006006006006006
phylter-k020-island_0	736	764	210	290	0.25	0.802
phylter-k020-island_0	531	1267	46	156	0.101	0.9900990099009901
phylter-k020-island_0	9	1866	13	112	0.0625	0.808
phylter-k020-island_0	200	1051	179	570	0.3745	0.801068090787717
phylter-k020-island_0	98	1069	85	748	0.4165	0.6002400960384153
phylter-k020-island_0	733	1166	46	55	0.0505	0.9900990099009901
phylter-k020-island_0	79	1421	46	454	0.25	0.6
phylter-k020-island_0	495	1202	103	200	0.1515	0.9900990099009901
phylter-k020-island_0	51	1449	45	455	0.25	0.6
phylter-k020-island_0	95	1804	16	85	0.0505	0.9900990099009901
phylter-k020-island_0	983	512	285	220	0.2525	0.9900990099009901
phylter-k020-island_0	517	1180	111	192	0.1515	0.9900990099009901
phylter-k020-island_0	860	890	82	168	0.125	0.804
phylter-k020-island_0	646	354	571	429	0.5	0.6
phylter-k020-island_0	971	696	166	167	0.1665	0.6006006006006006
phylter-k020-island_0	786	608	297	309	0.303	0.9900990099009901
phylter-k020-island_0	376	624	339	661	0.5	0.6
phylter-k020-island_0	974	521	206	299	0.2525	0.9900990099009901
phylter-k020-island_0	263	1434	77	226	0.1515	0.9900990099009901
phylter-k020-island_0	285	1311	48	356	0.202	0.9900990099009901
phylter-k020-island_0	1168	731	35	66	0.0505	0.9900990099009901
phylter-k020-island_0	577	1221	55	147	0.101	0.9900990099009901
phylter-k020-island_0	748	1151	80	21	0.0505	0.9900990099009901
phylter-k020-island_0	867	931	67	135	0.101	0.9900990099009901
phylter-k020-island_0	751	624	219	406	0.3125	0.8016
phylter-k020-island_0	393	607	329	671	0.5	0.6
phylter-k020-island_0	435	959	223	383	0.303	0.9900990099009901
phylter-k020-island_0	580	1046	117	257	0.187	0.8021390374331551
phylter-k020-island_0	945	752	125	178	0.1515	0.9900990099009901
phylter-k020-island_0	623	872	165	340	0.2525	0.9900990099009901
phylter-k020-island_0	847	903	88	162	0.125	0.804
phylter-k020-island_0	604	647	243	506	0.3745	0.801068090787717
phylter-k020-island_0	55	1320	51	574	0.3125	0.8016
phylter-k020-island_0	60	1774	24	142	0.083	0.6024096385542168
phylter-k020-island_0	525	642	317	516	0.4165	0.6002400960384153
phylter-k020-island_0	904	692	204	200	0.202	0.9900990099009901
phylter-k020-island_0	271	1123	138	468	0.303	0.9900990099009901
phylter-k020-island_0	675	951	143	231	0.187	0.8021390374331551
phylter-k020-island_0	145	855	178	822	0.5	0.6
phylter-k020-island_0	441	1155	80	324	0.202	0.9900990099009901
phylter-k020-island_0	382	1368	99	151	0.125	0.804
phylter-k020-island_0	1075	551	209	165	0.187	0.8021390374331551
phylter-k020-island_0	381	870	240	509	0.3745	0.801068090787717
phylter-k020-island_0	906	469	359	266	0.3125	0.8016
phylter-k020-island_0	136	1698	48	118	0.083	0.6024096385542168
phylter-k020-island_0	486	681	283	550	0.4165	0.6002400960384153
phylter-k020-island_0	544	850	229	377	0.303	0.9900990099009901
phylter-k020-island_0	197	1470	64	269	0.1665	0.6006006006006006
phylter-k020-island_0	750	417	474	359	0.4165	0.6002400960384153
phylter-k020-island_0	566	929	179	326	0.2525	0.9900990099009901
phylter-k020-island_0	156	1541	55	248	0.1515	0.9900990099009901
phylter-k020-island_0	878	622	195	305	0.25	0.6
phylter-k020-island_0	1165	633	107	95	0.101	0.9900990099009901
phylter-k020-island_0	8	1159	29	804	0.4165	0.6002400960384153
phylter-k020-island_0	965	535	270	230	0.25	0.6
phylter-k020-island_0	193	1706	51	50	0.0505	0.9900990099009901
phylter-k020-island_0	336	1462	65	137	0.101	0.9900990099009901
phylter-k020-island_0	387	780	276	557	0.4165	0.6002400960384153
phylter-k020-island_0	933	734	152	181	0.1665	0.6006006006006006
phylter-k020-island_0	747	647	261	345	0.303	0.9900990099009901
phylter-k020-island_0	805	1070	66	59	0.0625	0.808
phylter-k020-island_0	390	1307	57	246	0.1515	0.9900990099009901
phylter-k020-island_0	286	1209	131	374	0.2525	0.9900990099009901
phylter-k020-island_0	569	806	226	399	0.3125	0.8016
phylter-k020-island_0	639	1260	27	74	0.0505	0.9900990099009901
phylter-k020-island_0	95	1072	79	754	0.4165	0.6002400960384153
phylter-k020-island_0	854	646	248	252	0.25	0.6
phylter-k020-island_0	27	1468	38	467	0.2525	0.9900990099009901
phylter-k020-island_0	135	1461	61	343	0.202	0.9900990099009901
phylter-k020-island_0	47	1828	10	115	0.0625	0.808
phylter-k020-island_0	457	710	306	527	0.4165	0.6002400960384153
phylter-k020-island_0	251	1345	62	342	0.202	0.9900990099009901
phylter-k020-island_0	506	1191	95	208	0.1515	0.9900990099009901
phylter-k020-island_0	916	418	380	286	0.333	0.6006006006006006
phylter-k020-island_0	642	1233	32	93	0.0625	0.808
phylter-k020-island_0	40	1758	6	196	0.101	0.9900990099009901
phylter-k020-island_0	214	1286	84	416	0.25	0.6
phylter-k020-island_0	160	1739	11	90	0.0505	0.9900990099009901
phylter-k020-island_0	128	1039	117	716	0.4165	0.6002400960384153
phylter-k020-island_0	890	1009	28	73	0.0505	0.9900990099009901
phylter-k020-island_0	615	719	309	357	0.333	0.6006006006006006
phylter-k020-island_0	1169	706	53	72	0.0625	0.808
phylter-k020-island_0	799	701	215	285	0.25	0.802
phylter-k020-island_0	911	715	175	199	0.187	0.8021390374331551
phylter-k020-island_0	48	1786	18	148	0.083	0.6024096385542168
phylter-k020-island_0	330	921	229	520	0.3745	0.801068090787717
phylter-k020-island_0	340	1494	42	124	0.083	0.6024096385542168
phylter-k020-island_0	830	337	559	274	0.4165	0.6002400960384153
phylter-k020-island_0	179	1447	58	316	0.187	0.8021390374331551
phylter-k020-island_0	658	593	368	381	0.3745	0.801068090787717
phylter-k020-island_0	359	1141	167	333	0.25	0.802
phylter-k020-island_0	81	1253	34	632	0.333	0.6006006006006006
phylter-k020-island_0	736	1139	39	86	0.0625	0.808
phylter-k020-island_0	905	845	119	131	0.125	0.804
phylter-k020-island_0	123	1377	45	455	0.25	0.6
phylter-k020-island_0	376	1119	75	430	0.2525	0.9900990099009901
phylter-k020-island_0	600	1150	69	181	0.125	0.804
phylter-k020-island_0	46	1829	27	98	0.0625	0.808
phylter-k020-island_0	499	1001	147	353	0.25	0.802
phylter-k020-island_0	149	1518	46	287	0.1665	0.6006006006006006
phylter-k020-island_0	222	1528	38	212	0.125	0.804
phylter-k020-island_0	1033	634	198	135	0.1665	0.6006006006006006
phylter-k020-island_0	422	1477	11	90	0.0505	0.9900990099009901
phylter-k020-island_0	134	1366	61	439	0.25	0.6
phylter-k020-island_0	940	686	192	182	0.187	0.8021390374331551
phylter-k020-island_0	419	956	233	392	0.3125	0.8016
phylter-k020-island_0	435	1065	159	341	0.25	0.802
phylter-k020-island_0	160	1436	73	331	0.202	0.9900990099009901
phylter-k020-island_0	940	894	28	138	0.083	0.6024096385542168
phylter-k020-island_0	767	733	197	303	0.25	0.802
phylter-k020-island_0	595	656	341	408	0.3745	0.801068090787717
phylter-k020-island_0	681	915	132	272	0.202	0.9900990099009901
phylter-k020-island_0	147	1687	24	142	0.083	0.6024096385542168
phylter-k020-island_0	704	547	341	408	0.3745	0.801068090787717
phylter-k020-island_0	370	630	357	643	0.5	0.6
phylter-k020-island_0	900	600	240	260	0.25	0.802
phylter-k020-island_0	684	942	140	234	0.187	0.8021390374331551
phylter-k020-island_0	731	769	239	261	0.25	0.802
phylter-k020-island_0	857	977	59	107	0.083	0.6024096385542168
phylter-k020-island_0	1245	505	146	104	0.125	0.804
phylter-k020-island_0	360	1015	166	459	0.3125	0.8016
phylter-k020-island_0	1127	540	204	129	0.1665	0.6006006006006006
phylter-k020-island_0	1082	544	210	164	0.187	0.8021390374331551
phylter-k020-island_0	553	447	471	529	0.5	0.6
phylter-k020-island_0	81	1669	15	235	0.125	0.804
phylter-k020-island_0	742	258	682	318	0.5	0.6
phylter-k020-island_0	67	1600	19	314	0.1665	0.6006006006006006
