BP-HMM	1590	10	0	400	0.2	0.99
BP-HMM	1700	0	0	300	0.15	0.66
BP-HMM	1600	0	1	399	0.2	0.33
BP-HMM	1336	64	1	599	0.3	0.33
BP-HMM	1700	0	2	298	0.15	0.99
BP-HMM	879	721	399	1	0.2	0.33
BP-HMM	1700	0	6	294	0.15	0.66
BP-HMM	1400	0	0	600	0.3	0.66
BP-HMM	1049	651	0	300	0.15	0.99
BP-HMM	1797	3	1	199	0.1	0.66
BP-HMM	1899	1	0	100	0.05	0.99
BP-HMM	912	788	137	163	0.15	0.33
BP-HMM	1384	16	0	600	0.3	0.33
BP-HMM	1400	0	0	600	0.3	0.99
BP-HMM	1398	2	0	600	0.3	0.66
BP-HMM	1500	0	0	500	0.25	0.66
BP-HMM	1799	1	0	200	0.1	0.99
BP-HMM	1499	1	4	496	0.25	0.33
BP-HMM	1900	0	0	100	0.05	0.99
BP-HMM	1600	0	0	400	0.2	0.99
BP-HMM	1500	0	4	496	0.25	0.33
BP-HMM	1898	2	0	100	0.05	0.99
BP-HMM	1761	39	0	200	0.1	0.66
BP-HMM	1499	1	2	498	0.25	0.66
BP-HMM	1400	0	0	600	0.3	0.99
BP-HMM	1400	0	0	600	0.3	0.66
BP-HMM	1600	0	0	400	0.2	0.66
BP-HMM	1700	0	1	299	0.15	0.33
BP-HMM	1696	4	0	300	0.15	0.66
BP-HMM	1800	0	0	200	0.1	0.99
BP-HMM	1500	0	0	500	0.25	0.99
BP-HMM	1794	6	0	200	0.1	0.66
BP-HMM	1800	0	0	200	0.1	0.99
BP-HMM	1400	0	0	600	0.3	0.99
BP-HMM	1532	368	83	17	0.05	0.66
BP-HMM	842	958	200	0	0.1	0.66
BP-HMM	1900	0	0	100	0.05	0.66
BP-HMM	1398	2	0	600	0.3	0.66
BP-HMM	1399	1	0	600	0.3	0.99
BP-HMM	1600	0	0	400	0.2	0.99
BP-HMM	1800	0	0	200	0.1	0.99
BP-HMM	1900	0	0	100	0.05	0.99
BP-HMM	1493	7	0	500	0.25	0.99
BP-HMM	1798	2	0	200	0.1	0.66
BP-HMM	1500	0	0	500	0.25	0.99
BP-HMM	1900	0	0	100	0.05	0.99
BP-HMM	1619	281	0	100	0.05	0.66
BP-HMM	1400	0	0	600	0.3	0.66
BP-HMM	1400	0	0	600	0.3	0.99
BP-HMM	1797	3	0	200	0.1	0.99
BP-HMM	1572	28	3	397	0.2	0.99
BP-HMM	1500	0	0	500	0.25	0.99
BP-HMM	1800	0	1	199	0.1	0.66
BP-HMM	1399	1	0	600	0.3	0.66
BP-HMM	1900	0	2	98	0.05	0.33
BP-HMM	1600	0	0	400	0.2	0.99
BP-HMM	871	729	265	135	0.2	0.66
BP-HMM	1109	791	0	100	0.05	0.66
BP-HMM	1779	21	0	200	0.1	0.33
BP-HMM	1875	25	14	86	0.05	0.66
BP-HMM	1900	0	4	96	0.05	0.33
BP-HMM	1599	1	0	400	0.2	0.99
BP-HMM	1109	791	52	48	0.05	0.66
BP-HMM	1799	1	1	199	0.1	0.33
BP-HMM	1591	9	0	400	0.2	0.66
BP-HMM	1500	0	0	500	0.25	0.99
BP-HMM	1392	8	0	600	0.3	0.66
BP-HMM	1565	335	1	99	0.05	0.66
BP-HMM	1891	9	0	100	0.05	0.66
BP-HMM	1400	0	2	598	0.3	0.33
BP-HMM	1800	0	2	198	0.1	0.66
BP-HMM	1800	0	8	192	0.1	0.66
BP-HMM	1500	0	6	494	0.25	0.99
BP-HMM	1399	1	0	600	0.3	0.33
BP-HMM	1498	2	4	496	0.25	0.33
BP-HMM	1700	0	0	300	0.15	0.66
BP-HMM	1899	1	0	100	0.05	0.33
BP-HMM	1798	2	1	199	0.1	0.99
BP-HMM	1647	53	7	293	0.15	0.33
BP-HMM	1600	0	0	400	0.2	0.66
BP-HMM	1800	0	1	199	0.1	0.33
BP-HMM	1492	8	0	500	0.25	0.66
BP-HMM	1400	0	1	599	0.3	0.33
BP-HMM	1686	14	1	299	0.15	0.33
BP-HMM	1899	1	3	97	0.05	0.33
BP-HMM	1799	1	0	200	0.1	0.99
BP-HMM	1500	0	0	500	0.25	0.66
BP-HMM	1400	0	1	599	0.3	0.66
BP-HMM	1799	1	5	195	0.1	0.33
BP-HMM	1600	0	3	397	0.2	0.66
BP-HMM	1698	2	0	300	0.15	0.33
BP-HMM	1500	0	1	499	0.25	0.33
BP-HMM	946	954	100	0	0.05	0.99
BP-HMM	1400	0	0	600	0.3	0.99
BP-HMM	1699	1	0	300	0.15	0.99
BP-HMM	1896	4	0	100	0.05	0.33
BP-HMM	1639	61	0	300	0.15	0.66
BP-HMM	1599	1	2	398	0.2	0.33
BP-HMM	1375	25	0	600	0.3	0.33
BP-HMM	1700	0	0	300	0.15	0.99
BP-HMM	1766	34	0	200	0.1	0.33
BP-HMM	1400	0	0	600	0.3	0.99
BP-HMM	1600	0	1	399	0.2	0.66
BP-HMM	1700	0	2	298	0.15	0.33
BP-HMM	1399	1	0	600	0.3	0.33
BP-HMM	1558	42	0	400	0.2	0.33
BP-HMM	1698	2	7	293	0.15	0.66
BP-HMM	1697	3	0	300	0.15	0.66
BP-HMM	1394	6	1	599	0.3	0.33
BP-HMM	1500	0	0	500	0.25	0.99
BP-HMM	1700	0	0	300	0.15	0.99
BP-HMM	1596	4	0	400	0.2	0.66
BP-HMM	1800	0	0	200	0.1	0.66
BP-HMM	1700	0	0	300	0.15	0.99
BP-HMM	1600	0	0	400	0.2	0.66
BP-HMM	1654	46	0	300	0.15	0.66
BP-HMM	1400	0	0	600	0.3	0.33
BP-HMM	1899	1	0	100	0.05	0.66
BP-HMM	1700	0	0	300	0.15	0.99
BP-HMM	1500	0	0	500	0.25	0.99
BP-HMM	1900	0	4	96	0.05	0.66
BP-HMM	1800	0	6	194	0.1	0.33
BP-HMM	1599	1	0	400	0.2	0.99
BP-HMM	1900	0	0	100	0.05	0.66
BP-HMM	1789	11	0	200	0.1	0.33
BP-HMM	1600	0	0	400	0.2	0.99
BP-HMM	1500	0	0	500	0.25	0.99
BP-HMM	1600	0	1	399	0.2	0.99
BP-HMM	1598	2	3	397	0.2	0.66
BP-HMM	1597	3	0	400	0.2	0.33
BP-HMM	1900	0	2	98	0.05	0.99
BP-HMM	1594	6	2	398	0.2	0.33
BP-HMM	1500	0	0	500	0.25	0.66
BP-HMM	1331	569	58	42	0.05	0.33
BP-HMM	1399	1	0	600	0.3	0.66
BP-HMM	1898	2	100	0	0.05	0.33
BP-HMM	1498	2	0	500	0.25	0.99
BP-HMM	1900	0	1	99	0.05	0.99
BP-HMM	1400	0	0	600	0.3	0.99
BP-HMM	1399	1	0	600	0.3	0.66
BP-HMM	1556	344	67	33	0.05	0.66
BP-HMM	1088	512	0	400	0.2	0.66
BP-HMM	1599	1	0	400	0.2	0.99
BP-HMM	1888	12	10	90	0.05	0.33
BP-HMM	1595	5	0	400	0.2	0.66
BP-HMM	1400	0	0	600	0.3	0.99
BP-HMM	1400	0	0	600	0.3	0.66
BP-HMM	1894	6	0	100	0.05	0.66
BP-HMM	1600	0	0	400	0.2	0.99
BP-HMM	1634	266	61	39	0.05	0.33
BP-HMM	1897	3	0	100	0.05	0.99
BP-HMM	1900	0	2	98	0.05	0.33
BP-HMM	1500	0	0	500	0.25	0.99
BP-HMM	1494	6	0	500	0.25	0.66
BP-HMM	1699	1	0	300	0.15	0.66
BP-HMM	1799	1	0	200	0.1	0.99
BP-HMM	991	909	94	6	0.05	0.33
BP-HMM	1500	0	1	499	0.25	0.66
BP-HMM	1176	224	0	600	0.3	0.66
BP-HMM	1400	0	0	600	0.3	0.99
BP-HMM	1600	0	0	400	0.2	0.66
BP-HMM	1699	1	1	299	0.15	0.33
BP-HMM	1483	17	7	493	0.25	0.33
BP-HMM	1034	866	0	100	0.05	0.99
BP-HMM	1251	249	1	499	0.25	0.33
BP-HMM	1004	896	69	31	0.05	0.99
BP-HMM	1266	234	2	498	0.25	0.33
BP-HMM	1797	3	0	200	0.1	0.99
BP-HMM	1900	0	9	91	0.05	0.33
BP-HMM	1700	0	0	300	0.15	0.33
BP-HMM	1597	3	0	400	0.2	0.66
BP-HMM	1400	0	0	600	0.3	0.66
BP-HMM	1400	0	0	600	0.3	0.99
BP-HMM	1321	179	2	498	0.25	0.66
BP-HMM	1793	7	1	199	0.1	0.33
BP-HMM	1799	1	0	200	0.1	0.66
BP-HMM	1500	0	1	499	0.25	0.33
BP-HMM	1899	1	0	100	0.05	0.99
BP-HMM	1700	0	1	299	0.15	0.99
BP-HMM	1400	0	34	566	0.3	0.66
BP-HMM	1598	2	0	400	0.2	0.33
BP-HMM	1892	8	0	100	0.05	0.33
BP-HMM	1696	4	0	300	0.15	0.66
BP-HMM	1599	1	0	400	0.2	0.66
BP-HMM	1699	1	0	300	0.15	0.99
BP-HMM	1699	1	0	300	0.15	0.66
BP-HMM	1592	8	1	399	0.2	0.33
BP-HMM	1800	0	0	200	0.1	0.66
BP-HMM	1800	0	1	199	0.1	0.33
BP-HMM	1500	0	5	495	0.25	0.33
BP-HMM	1900	0	2	98	0.05	0.99
BP-HMM	1797	3	1	199	0.1	0.99
BP-HMM	1500	0	0	500	0.25	0.66
BP-HMM	1798	2	9	191	0.1	0.33
BP-HMM	1692	8	0	300	0.15	0.33
BP-HMM	1500	0	0	500	0.25	0.99
BP-HMM	1478	22	0	500	0.25	0.33
BP-HMM	1800	0	0	200	0.1	0.66
BP-HMM	1497	3	3	497	0.25	0.33
BP-HMM	1500	0	0	500	0.25	0.99
BP-HMM	1600	0	2	398	0.2	0.33
BP-HMM	1798	2	2	198	0.1	0.99
BP-HMM	1900	0	0	100	0.05	0.99
BP-HMM	1699	1	2	298	0.15	0.33
BP-HMM	1069	831	19	81	0.05	0.66
BP-HMM	1699	1	1	299	0.15	0.99
BP-HMM	1800	0	1	199	0.1	0.33
BP-HMM	1497	3	2	498	0.25	0.66
BP-HMM	1795	5	0	200	0.1	0.66
BP-HMM	1500	0	1	499	0.25	0.33
BP-HMM	1700	0	0	300	0.15	0.99
BP-HMM	1497	3	0	500	0.25	0.66
BP-HMM	1399	1	0	600	0.3	0.33
BP-HMM	1590	10	2	398	0.2	0.33
BP-HMM	1698	2	0	300	0.15	0.66
BP-HMM	1700	0	4	296	0.15	0.33
BP-HMM	1700	0	0	300	0.15	0.99
BP-HMM	1700	0	2	298	0.15	0.66
BP-HMM	1800	0	0	200	0.1	0.99
BP-HMM	1598	2	0	400	0.2	0.33
BP-HMM	1399	1	1	599	0.3	0.33
BP-HMM	1800	0	1	199	0.1	0.66
BP-HMM	1700	0	0	300	0.15	0.99
BP-HMM	1500	0	0	500	0.25	0.99
BP-HMM	1262	638	74	26	0.05	0.66
BP-HMM	1799	1	1	199	0.1	0.33
BP-HMM	1600	0	0	400	0.2	0.99
BP-HMM	1635	265	96	4	0.05	0.66
BP-HMM	1113	687	0	200	0.1	0.33
BP-HMM	1600	0	0	400	0.2	0.99
BP-HMM	1499	1	0	500	0.25	0.99
BP-HMM	1700	0	0	300	0.15	0.66
BP-HMM	1399	1	0	600	0.3	0.33
BP-HMM	1500	0	0	500	0.25	0.99
BP-HMM	1700	0	0	300	0.15	0.99
BP-HMM	1598	2	0	400	0.2	0.66
BP-HMM	1600	0	2	398	0.2	0.66
BP-HMM	1694	6	16	284	0.15	0.66
BP-HMM	1400	0	1	599	0.3	0.33
BP-HMM	1900	0	0	100	0.05	0.66
BP-HMM	1900	0	0	100	0.05	0.99
BP-HMM	1900	0	0	100	0.05	0.33
BP-HMM	1500	0	0	500	0.25	0.99
BP-HMM	1600	0	0	400	0.2	0.66
BP-HMM	1397	3	0	600	0.3	0.66
BP-HMM	1400	0	0	600	0.3	0.99
BP-HMM	1217	683	75	25	0.05	0.66
BP-HMM	1600	0	0	400	0.2	0.99
BP-HMM	1899	1	1	99	0.05	0.33
BP-HMM	1359	41	0	600	0.3	0.66
BP-HMM	1390	10	0	600	0.3	0.99
BP-HMM	1900	0	1	99	0.05	0.66
BP-HMM	1598	2	0	400	0.2	0.66
BP-HMM	1600	0	0	400	0.2	0.99
BP-HMM	1095	805	95	5	0.05	0.33
BP-HMM	1498	2	11	489	0.25	0.66
BP-HMM	1900	0	2	98	0.05	0.33
BP-HMM	1500	0	0	500	0.25	0.99
BP-HMM	1216	684	100	0	0.05	0.99
BP-HMM	1600	0	0	400	0.2	0.99
BP-HMM	1700	0	0	300	0.15	0.66
BP-HMM	1600	0	0	400	0.2	0.66
BP-HMM	1600	0	0	400	0.2	0.33
BP-HMM	1500	0	1	499	0.25	0.66
BP-HMM	1500	0	4	496	0.25	0.66
BP-HMM	1597	3	2	398	0.2	0.33
BP-HMM	1900	0	0	100	0.05	0.99
BP-HMM	1423	477	31	69	0.05	0.33
BP-HMM	1397	3	0	600	0.3	0.66
BP-HMM	1768	32	1	199	0.1	0.66
BP-HMM	927	873	76	124	0.1	0.33
BP-HMM	1681	219	77	23	0.05	0.99
BP-HMM	1399	1	0	600	0.3	0.66
BP-HMM	1700	0	0	300	0.15	0.99
BP-HMM	1890	10	0	100	0.05	0.33
BP-HMM	1700	0	0	300	0.15	0.66
BP-HMM	1600	0	0	400	0.2	0.33
BP-HMM	1699	1	0	300	0.15	0.99
BP-HMM	1598	2	0	400	0.2	0.66
BP-HMM	1596	4	0	400	0.2	0.33
BP-HMM	1698	2	0	300	0.15	0.66
BP-HMM	1798	2	0	200	0.1	0.33
BP-HMM	1800	0	6	194	0.1	0.66
BP-HMM	1402	98	1	499	0.25	0.33
BP-HMM	1697	3	0	300	0.15	0.66
BP-HMM	1410	490	4	96	0.05	0.33
BP-HMM	1800	0	0	200	0.1	0.99
BP-HMM	1699	1	0	300	0.15	0.33
BP-HMM	1600	0	0	400	0.2	0.66
BP-HMM	1400	0	0	600	0.3	0.99
BP-HMM	1400	0	0	600	0.3	0.66
BP-HMM	1500	0	1	499	0.25	0.66
BP-HMM	1500	0	1	499	0.25	0.33
BP-HMM	1900	0	0	100	0.05	0.99
BP-HMM	1496	4	1	499	0.25	0.33
BP-HMM	1490	10	3	497	0.25	0.33
BP-HMM	1900	0	0	100	0.05	0.99
BP-HMM	1054	846	54	46	0.05	0.33
BP-HMM	1800	0	0	200	0.1	0.99
BP-HMM	1497	3	0	500	0.25	0.66
BP-HMM	1400	0	0	600	0.3	0.99
BP-HMM	1400	0	0	600	0.3	0.66
BP-HMM	1357	243	0	400	0.2	0.66
BP-HMM	1700	0	2	298	0.15	0.33
BP-HMM	1798	2	0	200	0.1	0.66
BP-HMM	1499	1	1	499	0.25	0.33
BP-HMM	1494	6	2	498	0.25	0.66
BP-HMM	1700	0	0	300	0.15	0.99
BP-HMM	1698	2	0	300	0.15	0.66
BP-HMM	1599	1	1	399	0.2	0.33
BP-HMM	1398	2	0	600	0.3	0.33
BP-HMM	1699	1	0	300	0.15	0.99
BP-HMM	1700	0	0	300	0.15	0.33
BP-HMM	1350	50	1	599	0.3	0.33
BP-HMM	1600	0	4	396	0.2	0.33
BP-HMM	1700	0	1	299	0.15	0.66
BP-HMM	1800	0	0	200	0.1	0.99
BP-HMM	1791	9	0	200	0.1	0.66
BP-HMM	1800	0	0	200	0.1	0.99
BP-HMM	1900	0	0	100	0.05	0.99
BP-HMM	1699	1	1	299	0.15	0.33
BP-HMM	871	929	160	40	0.1	0.33
BP-HMM	1497	3	1	499	0.25	0.66
BP-HMM	1500	0	1	499	0.25	0.33
BP-HMM	1500	0	0	500	0.25	0.99
BP-HMM	1500	0	0	500	0.25	0.99
BP-HMM	1800	0	7	193	0.1	0.66
BP-HMM	1500	0	0	500	0.25	0.99
BP-HMM	1450	50	3	497	0.25	0.33
BP-HMM	1775	125	78	22	0.05	0.99
BP-HMM	1800	0	0	200	0.1	0.99
BP-HMM	1600	0	1	399	0.2	0.33
BP-HMM	1498	2	3	497	0.25	0.66
BP-HMM	1700	0	0	300	0.15	0.99
BP-HMM	1001	799	103	97	0.1	0.33
BP-HMM	1700	0	3	297	0.15	0.33
BP-HMM	1500	0	0	500	0.25	0.66
BP-HMM	1800	0	0	200	0.1	0.66
BP-HMM	1399	1	0	600	0.3	0.66
BP-HMM	1397	3	0	600	0.3	0.99
BP-HMM	1384	16	0	600	0.3	0.33
BP-HMM	1658	42	0	300	0.15	0.33
BP-HMM	1003	897	2	98	0.05	0.33
BP-HMM	1800	0	0	200	0.1	0.99
BP-HMM	1600	0	1	399	0.2	0.99
BP-HMM	1221	279	0	500	0.25	0.33
BP-HMM	1900	0	0	100	0.05	0.99
BP-HMM	1499	1	1	499	0.25	0.33
BP-HMM	1900	0	1	99	0.05	0.99
BP-HMM	1599	1	0	400	0.2	0.99
BP-HMM	857	843	296	4	0.15	0.33
BP-HMM	1397	3	0	600	0.3	0.66
BP-HMM	1400	0	1	599	0.3	0.99
BP-HMM	1495	5	6	494	0.25	0.66
BP-HMM	1800	0	0	200	0.1	0.66
BP-HMM	1699	1	0	300	0.15	0.66
BP-HMM	1800	0	0	200	0.1	0.99
BP-HMM	1600	0	0	400	0.2	0.99
BP-HMM	1599	1	2	398	0.2	0.33
BP-HMM	1700	0	14	286	0.15	0.66
BP-HMM	1699	1	0	300	0.15	0.99
BP-HMM	1400	0	0	600	0.3	0.33
BP-HMM	869	831	300	0	0.15	0.66
BP-HMM	1600	0	0	400	0.2	0.33
BP-HMM	1398	2	5	595	0.3	0.33
BP-HMM	1793	7	0	200	0.1	0.66
BP-HMM	1699	1	0	300	0.15	0.99
BP-HMM	1398	2	1	599	0.3	0.66
BP-HMM	1900	0	0	100	0.05	0.99
BP-HMM	1899	1	0	100	0.05	0.66
BP-HMM	1400	0	0	600	0.3	0.99
BP-HMM	1400	0	0	600	0.3	0.66
BP-HMM	1800	0	0	200	0.1	0.99
BP-HMM	1600	0	0	400	0.2	0.99
BP-HMM	1499	1	0	500	0.25	0.99
BP-HMM	1581	319	87	13	0.05	0.99
BP-HMM	1125	675	123	77	0.1	0.66
BP-HMM	1900	0	0	100	0.05	0.99
BP-HMM	1494	6	2	498	0.25	0.99
BP-HMM	1504	396	0	100	0.05	0.66
BP-HMM	1399	1	2	598	0.3	0.99
BP-HMM	1399	1	0	600	0.3	0.66
BP-HMM	1600	0	0	400	0.2	0.99
BP-HMM	1500	0	1	499	0.25	0.99
BP-HMM	1797	3	8	192	0.1	0.66
BP-HMM	1800	0	0	200	0.1	0.99
BP-HMM	1397	3	1	599	0.3	0.99
BP-HMM	1898	2	1	99	0.05	0.66
BP-HMM	1798	2	0	200	0.1	0.66
BP-HMM	1900	0	3	97	0.05	0.66
BP-HMM	1900	0	0	100	0.05	0.66
BP-HMM	1006	394	1	599	0.3	0.33
BP-HMM	1102	698	3	197	0.1	0.66
BP-HMM	1799	1	200	0	0.1	0.66
BP-HMM	1498	2	0	500	0.25	0.99
BP-HMM	1895	5	5	95	0.05	0.66
BP-HMM	1399	1	16	584	0.3	0.33
BP-HMM	1500	0	0	500	0.25	0.99
BP-HMM	1798	2	1	199	0.1	0.66
BP-HMM	1400	0	0	600	0.3	0.66
BP-HMM	1899	1	0	100	0.05	0.33
BP-HMM	1598	2	3	397	0.2	0.99
BP-HMM	1629	271	0	100	0.05	0.66
BP-HMM	1900	0	5	95	0.05	0.66
BP-HMM	1792	8	0	200	0.1	0.33
BP-HMM	1600	0	3	397	0.2	0.66
BP-HMM	1900	0	1	99	0.05	0.33
BP-HMM	1599	1	0	400	0.2	0.99
BP-HMM	1592	8	0	400	0.2	0.66
BP-HMM	1355	545	82	18	0.05	0.66
BP-HMM	1800	0	0	200	0.1	0.33
BP-HMM	1496	4	0	500	0.25	0.99
BP-HMM	1396	4	1	599	0.3	0.66
BP-HMM	1700	0	0	300	0.15	0.99
BP-HMM	1400	0	0	600	0.3	0.99
BP-HMM	1391	9	0	600	0.3	0.33
BP-HMM	1600	0	0	400	0.2	0.33
BP-HMM	1900	0	0	100	0.05	0.33
BP-HMM	1699	1	0	300	0.15	0.66
BP-HMM	1599	1	0	400	0.2	0.66
BP-HMM	1400	0	0	600	0.3	0.99
BP-HMM	1700	0	0	300	0.15	0.99
BP-HMM	1799	1	0	200	0.1	0.33
BP-HMM	1568	132	217	83	0.15	0.66
BP-HMM	1595	5	0	400	0.2	0.33
BP-HMM	1400	0	0	600	0.3	0.33
BP-HMM	1514	186	0	300	0.15	0.33
BP-HMM	1500	0	0	500	0.25	0.33
BP-HMM	1698	2	0	300	0.15	0.33
BP-HMM	1700	0	3	297	0.15	0.66
BP-HMM	1796	4	0	200	0.1	0.99
BP-HMM	1773	127	95	5	0.05	0.33
BP-HMM	1500	0	1	499	0.25	0.66
BP-HMM	1774	26	2	198	0.1	0.33
BP-HMM	1596	4	0	400	0.2	0.66
BP-HMM	1679	21	0	300	0.15	0.33
BP-HMM	1800	0	0	200	0.1	0.99
BP-HMM	1900	0	3	97	0.05	0.33
BP-HMM	1697	3	0	300	0.15	0.33
BP-HMM	1399	1	0	600	0.3	0.33
BP-HMM	836	864	300	0	0.15	0.33
BP-HMM	1595	5	4	396	0.2	0.66
BP-HMM	1800	0	2	198	0.1	0.33
BP-HMM	1492	8	0	500	0.25	0.66
BP-HMM	1499	1	0	500	0.25	0.33
BP-HMM	1500	0	0	500	0.25	0.99
BP-HMM	1900	0	4	96	0.05	0.33
BP-HMM	1900	0	0	100	0.05	0.99
BP-HMM	1800	0	0	200	0.1	0.99
BP-HMM	1892	8	3	97	0.05	0.33
BP-HMM	1600	0	1	399	0.2	0.99
BP-HMM	1082	818	38	62	0.05	0.66
BP-HMM	1400	0	0	600	0.3	0.66
BP-HMM	1319	81	0	600	0.3	0.99
BP-HMM	1598	2	0	400	0.2	0.66
BP-HMM	1900	0	1	99	0.05	0.33
BP-HMM	1600	0	0	400	0.2	0.99
BP-HMM	1600	0	0	400	0.2	0.66
BP-HMM	1900	0	11	89	0.05	0.66
BP-HMM	1398	2	0	600	0.3	0.66
BP-HMM	1399	1	0	600	0.3	0.99
BP-HMM	1600	0	3	397	0.2	0.33
BP-HMM	1900	0	0	100	0.05	0.99
BP-HMM	1499	1	0	500	0.25	0.99
BP-HMM	1846	54	100	0	0.05	0.33
BP-HMM	1398	2	0	600	0.3	0.99
BP-HMM	1162	538	0	300	0.15	0.99
BP-HMM	1898	2	0	100	0.05	0.66
BP-HMM	769	831	390	10	0.2	0.33
BP-HMM	1500	0	3	497	0.25	0.66
BP-HMM	1588	12	1	399	0.2	0.33
BP-HMM	1754	146	1	99	0.05	0.33
BP-HMM	1499	1	0	500	0.25	0.99
BP-HMM	1500	0	0	500	0.25	0.66
BP-HMM	1303	197	0	500	0.25	0.99
BP-HMM	1698	2	2	298	0.15	0.66
BP-HMM	1600	0	0	400	0.2	0.99
BP-HMM	1774	26	1	199	0.1	0.33
BP-HMM	1439	461	17	83	0.05	0.66
BP-HMM	1599	1	9	391	0.2	0.99
BP-HMM	1400	0	0	600	0.3	0.33
BP-HMM	1799	1	1	199	0.1	0.33
BP-HMM	1898	2	0	100	0.05	0.66
BP-HMM	1500	0	0	500	0.25	0.99
BP-HMM	1600	0	0	400	0.2	0.66
BP-HMM	1388	12	0	600	0.3	0.33
BP-HMM	1697	3	0	300	0.15	0.66
BP-HMM	1600	0	1	399	0.2	0.66
BP-HMM	1700	0	0	300	0.15	0.99
BP-HMM	1599	1	0	400	0.2	0.66
BP-HMM	1700	0	0	300	0.15	0.99
BP-HMM	1800	0	0	200	0.1	0.33
BP-HMM	1600	0	0	400	0.2	0.99
BP-HMM	1032	368	0	600	0.3	0.33
BP-HMM	1500	0	0	500	0.25	0.99
BP-HMM	1797	3	0	200	0.1	0.66
BP-HMM	1031	369	43	557	0.3	0.33
BP-HMM	1900	0	0	100	0.05	0.99
BP-HMM	1698	2	2	298	0.15	0.66
BP-HMM	1600	0	16	384	0.2	0.33
BP-HMM	1699	1	0	300	0.15	0.99
BP-HMM	1790	10	0	200	0.1	0.33
BP-HMM	1600	0	0	400	0.2	0.33
BP-HMM	1700	0	0	300	0.15	0.66
BP-HMM	1400	0	0	600	0.3	0.33
BP-HMM	1700	0	0	300	0.15	0.99
BP-HMM	1800	0	0	200	0.1	0.66
BP-HMM	1147	653	22	178	0.1	0.33
BP-HMM	1499	1	0	500	0.25	0.66
BP-HMM	1700	0	2	298	0.15	0.33
BP-HMM	1900	0	0	100	0.05	0.99
BP-HMM	1399	1	3	597	0.3	0.33
BP-HMM	1800	0	2	198	0.1	0.99
BP-HMM	1498	2	0	500	0.25	0.99
BP-HMM	1496	4	0	500	0.25	0.33
BP-HMM	1494	6	0	500	0.25	0.33
BP-HMM	1700	0	0	300	0.15	0.33
BP-HMM	1487	13	0	500	0.25	0.66
BP-HMM	1799	1	0	200	0.1	0.33
BP-HMM	1699	1	0	300	0.15	0.66
BP-HMM	1600	0	0	400	0.2	0.99
BP-HMM	1799	1	1	199	0.1	0.99
BP-HMM	1500	0	0	500	0.25	0.33
BP-HMM	1623	177	200	0	0.1	0.33
BP-HMM	1800	0	0	200	0.1	0.66
BP-HMM	1400	300	1	299	0.15	0.66
BP-HMM	1797	3	1	199	0.1	0.99
BP-HMM	1600	0	1	399	0.2	0.33
BP-HMM	1700	0	0	300	0.15	0.99
BP-HMM	1688	12	0	300	0.15	0.33
BP-HMM	1597	3	1	399	0.2	0.33
BP-HMM	1700	0	0	300	0.15	0.66
BP-HMM	1392	8	0	600	0.3	0.99
BP-HMM	1699	1	0	300	0.15	0.99
BP-HMM	1492	8	0	500	0.25	0.66
BP-HMM	1484	16	1	499	0.25	0.33
BP-HMM	1500	0	1	499	0.25	0.33
BP-HMM	1800	0	1	199	0.1	0.66
BP-HMM	1399	1	0	600	0.3	0.99
BP-HMM	1397	3	0	600	0.3	0.66
BP-HMM	1700	0	4	296	0.15	0.99
BP-HMM	1475	25	0	500	0.25	0.66
BP-HMM	1699	1	0	300	0.15	0.33
BP-HMM	1562	38	0	400	0.2	0.66
BP-HMM	1599	1	0	400	0.2	0.33
BP-HMM	1140	760	49	51	0.05	0.33
BP-HMM	1792	8	21	179	0.1	0.99
BP-HMM	1800	0	12	188	0.1	0.33
BP-HMM	1006	894	0	100	0.05	0.99
BP-HMM	1487	13	0	500	0.25	0.33
BP-HMM	1800	0	0	200	0.1	0.66
BP-HMM	1862	38	0	100	0.05	0.99
BP-HMM	1500	0	2	498	0.25	0.33
BP-HMM	1591	9	0	400	0.2	0.66
BP-HMM	1699	1	7	293	0.15	0.33
BP-HMM	1492	8	2	498	0.25	0.66
BP-HMM	1399	1	0	600	0.3	0.99
BP-HMM	1400	0	0	600	0.3	0.66
BP-HMM	1899	1	0	100	0.05	0.33
BP-HMM	1800	0	1	199	0.1	0.99
BP-HMM	1600	0	1	399	0.2	0.99
BP-HMM	1800	0	1	199	0.1	0.99
BP-HMM	1390	10	0	600	0.3	0.99
BP-HMM	1400	0	5	595	0.3	0.66
BP-HMM	1899	1	1	99	0.05	0.66
BP-HMM	1015	885	34	66	0.05	0.99
BP-HMM	1500	0	0	500	0.25	0.99
BP-HMM	1500	0	0	500	0.25	0.99
BP-HMM	1899	1	100	0	0.05	0.99
BP-HMM	1800	0	0	200	0.1	0.99
BP-HMM	1600	0	0	400	0.2	0.99
BP-HMM	1400	0	0	600	0.3	0.99
BP-HMM	1400	0	5	595	0.3	0.66
BP-HMM	1900	0	3	97	0.05	0.66
BP-HMM	1798	2	2	198	0.1	0.66
BP-HMM	1900	0	0	100	0.05	0.99
BP-HMM	1400	0	0	600	0.3	0.66
BP-HMM	1119	281	0	600	0.3	0.33
BP-HMM	1596	4	0	400	0.2	0.99
BP-HMM	941	859	200	0	0.1	0.66
BP-HMM	1800	0	4	196	0.1	0.99
BP-HMM	1700	0	1	299	0.15	0.33
BP-HMM	1500	0	0	500	0.25	0.66
BP-HMM	1357	443	72	128	0.1	0.66
BP-HMM	1400	0	0	600	0.3	0.66
BP-HMM	1400	0	0	600	0.3	0.99
BP-HMM	1886	14	0	100	0.05	0.99
BP-HMM	1500	0	0	500	0.25	0.33
BP-HMM	1591	9	0	400	0.2	0.99
BP-HMM	1600	0	0	400	0.2	0.99
BP-HMM	1900	0	3	97	0.05	0.99
BP-HMM	1497	3	1	499	0.25	0.33
BP-HMM	1600	0	1	399	0.2	0.33
BP-HMM	1338	462	0	200	0.1	0.99
BP-HMM	1700	0	2	298	0.15	0.99
BP-HMM	1400	0	0	600	0.3	0.66
BP-HMM	1398	2	0	600	0.3	0.99
BP-HMM	1500	0	0	500	0.25	0.66
BP-HMM	1800	0	2	198	0.1	0.66
BP-HMM	1700	0	0	300	0.15	0.33
BP-HMM	1500	0	0	500	0.25	0.33
BP-HMM	1399	1	0	600	0.3	0.33
BP-HMM	1700	0	0	300	0.15	0.99
BP-HMM	1391	9	3	597	0.3	0.99
BP-HMM	1498	2	0	500	0.25	0.66
BP-HMM	1599	1	2	398	0.2	0.33
BP-HMM	1699	1	0	300	0.15	0.66
BP-HMM	1129	571	0	300	0.15	0.99
BP-HMM	1393	7	0	600	0.3	0.33
BP-HMM	1699	1	1	299	0.15	0.33
BP-HMM	1700	0	0	300	0.15	0.66
BP-HMM	1798	2	0	200	0.1	0.99
BP-HMM	1581	19	0	400	0.2	0.33
BP-HMM	1600	0	0	400	0.2	0.33
BP-HMM	1699	1	0	300	0.15	0.66
BP-HMM	1800	0	0	200	0.1	0.99
BP-HMM	1400	0	2	598	0.3	0.33
BP-HMM	1700	0	0	300	0.15	0.33
BP-HMM	1400	0	2	598	0.3	0.99
BP-HMM	1700	0	0	300	0.15	0.99
BP-HMM	1500	0	0	500	0.25	0.33
BP-HMM	1400	0	0	600	0.3	0.33
BP-HMM	1699	1	0	300	0.15	0.66
BP-HMM	1600	0	9	391	0.2	0.33
BP-HMM	1500	0	1	499	0.25	0.66
BP-HMM	1700	0	0	300	0.15	0.99
BP-HMM	1500	0	0	500	0.25	0.33
BP-HMM	1400	0	0	600	0.3	0.99
BP-HMM	1597	3	0	400	0.2	0.66
BP-HMM	1700	0	0	300	0.15	0.33
BP-HMM	1499	1	0	500	0.25	0.66
BP-HMM	1699	1	0	300	0.15	0.99
BP-HMM	1798	2	0	200	0.1	0.33
BP-HMM	1485	315	0	200	0.1	0.99
BP-HMM	1274	626	0	100	0.05	0.33
BP-HMM	986	614	187	213	0.2	0.33
BP-HMM	1700	0	1	299	0.15	0.33
BP-HMM	1799	1	0	200	0.1	0.33
BP-HMM	1499	1	0	500	0.25	0.66
BP-HMM	1699	1	3	297	0.15	0.33
BP-HMM	1597	3	0	400	0.2	0.66
BP-HMM	1699	1	2	298	0.15	0.33
BP-HMM	1800	0	0	200	0.1	0.99
BP-HMM	1898	2	1	99	0.05	0.33
BP-HMM	1500	0	0	500	0.25	0.33
BP-HMM	1600	0	0	400	0.2	0.99
BP-HMM	1400	0	15	585	0.3	0.33
BP-HMM	1593	7	3	397	0.2	0.66
BP-HMM	1793	7	0	200	0.1	0.33
BP-HMM	1895	5	2	98	0.05	0.66
BP-HMM	1178	622	125	75	0.1	0.66
BP-HMM	1360	40	0	600	0.3	0.66
BP-HMM	1800	0	0	200	0.1	0.66
BP-HMM	1400	0	1	599	0.3	0.33
BP-HMM	1876	24	10	90	0.05	0.33
BP-HMM	1658	242	100	0	0.05	0.66
BP-HMM	1400	0	0	600	0.3	0.66
BP-HMM	1500	0	0	500	0.25	0.99
BP-HMM	1598	2	0	400	0.2	0.66
BP-HMM	1800	0	2	198	0.1	0.33
BP-HMM	1022	878	0	100	0.05	0.66
BP-HMM	1118	482	0	400	0.2	0.99
BP-HMM	1899	1	0	100	0.05	0.33
BP-HMM	1400	0	0	600	0.3	0.33
BP-HMM	964	836	57	143	0.1	0.33
BP-HMM	1900	0	0	100	0.05	0.66
BP-HMM	1600	0	0	400	0.2	0.66
BP-HMM	1600	0	0	400	0.2	0.99
BP-HMM	1899	1	9	91	0.05	0.33
BP-HMM	1400	0	3	597	0.3	0.66
BP-HMM	1500	0	0	500	0.25	0.99
BP-HMM	1800	0	1	199	0.1	0.66
BP-HMM	1899	1	0	100	0.05	0.99
BP-HMM	1399	1	0	600	0.3	0.66
BP-HMM	1600	0	0	400	0.2	0.99
BP-HMM	1800	0	0	200	0.1	0.66
BP-HMM	1799	1	0	200	0.1	0.99
BP-HMM	1598	2	0	400	0.2	0.99
BP-HMM	1065	735	193	7	0.1	0.33
BP-HMM	734	666	349	251	0.3	0.66
BP-HMM	1400	0	0	600	0.3	0.99
BP-HMM	1898	2	0	100	0.05	0.66
BP-HMM	1500	0	0	500	0.25	0.99
BP-HMM	1900	0	0	100	0.05	0.99
BP-HMM	1900	0	0	100	0.05	0.99
BP-HMM	1500	0	0	500	0.25	0.99
BP-HMM	1590	10	0	400	0.2	0.99
BP-HMM	1799	1	0	200	0.1	0.99
BP-HMM	1390	10	0	600	0.3	0.66
BP-HMM	1400	0	0	600	0.3	0.99
BP-HMM	1586	314	98	2	0.05	0.66
BP-HMM	1498	2	0	500	0.25	0.33
BP-HMM	1500	0	3	497	0.25	0.66
BP-HMM	1396	4	0	600	0.3	0.99
BP-HMM	1700	0	0	300	0.15	0.99
BP-HMM	1400	0	1	599	0.3	0.33
BP-HMM	1699	1	0	300	0.15	0.66
BP-HMM	1600	0	1	399	0.2	0.33
BP-HMM	1698	2	0	300	0.15	0.33
BP-HMM	1399	1	2	598	0.3	0.33
BP-HMM	1700	0	0	300	0.15	0.99
BP-HMM	1600	0	0	400	0.2	0.33
BP-HMM	878	822	300	0	0.15	0.66
BP-HMM	1800	0	0	200	0.1	0.99
BP-HMM	1799	1	0	200	0.1	0.99
BP-HMM	1400	0	0	600	0.3	0.99
BP-HMM	1395	5	0	600	0.3	0.66
BP-HMM	1608	192	113	87	0.1	0.66
BP-HMM	940	560	489	11	0.25	0.66
BP-HMM	1700	0	1	299	0.15	0.33
BP-HMM	1600	0	0	400	0.2	0.99
BP-HMM	1900	0	0	100	0.05	0.99
BP-HMM	1500	0	0	500	0.25	0.33
BP-HMM	1428	472	0	100	0.05	0.99
BP-HMM	1500	0	0	500	0.25	0.33
BP-HMM	1600	0	0	400	0.2	0.99
BP-HMM	1800	0	0	200	0.1	0.99
BP-HMM	1600	0	1	399	0.2	0.33
BP-HMM	1195	505	0	300	0.15	0.33
BP-HMM	1138	662	112	88	0.1	0.66
BP-HMM	1500	0	0	500	0.25	0.66
BP-HMM	1400	0	0	600	0.3	0.99
BP-HMM	1388	12	0	600	0.3	0.66
BP-HMM	1700	0	0	300	0.15	0.99
BP-HMM	1500	0	2	498	0.25	0.33
BP-HMM	1399	1	0	600	0.3	0.99
BP-HMM	1700	0	3	297	0.15	0.99
BP-HMM	1800	0	8	192	0.1	0.33
BP-HMM	1500	0	0	500	0.25	0.66
BP-HMM	1662	38	0	300	0.15	0.33
BP-HMM	1600	0	1	399	0.2	0.66
BP-HMM	1390	10	0	600	0.3	0.99
BP-HMM	1699	1	300	0	0.15	0.33
BP-HMM	1600	0	0	400	0.2	0.33
BP-HMM	1900	0	1	99	0.05	0.33
BP-HMM	1487	313	0	200	0.1	0.99
BP-HMM	1600	0	0	400	0.2	0.66
BP-HMM	1699	1	4	296	0.15	0.33
BP-HMM	743	757	290	210	0.25	0.66
BP-HMM	1796	4	5	195	0.1	0.33
BP-HMM	1897	3	1	99	0.05	0.33
BP-HMM	1800	0	0	200	0.1	0.99
BP-HMM	1700	0	1	299	0.15	0.33
BP-HMM	1007	493	8	492	0.25	0.33
BP-HMM	1400	0	2	598	0.3	0.33
BP-HMM	1700	0	3	297	0.15	0.66
BP-HMM	1800	0	0	200	0.1	0.99
BP-HMM	1304	296	0	400	0.2	0.33
BP-HMM	1700	0	0	300	0.15	0.99
BP-HMM	1400	0	0	600	0.3	0.99
BP-HMM	1697	3	1	299	0.15	0.33
BP-HMM	1499	1	1	499	0.25	0.33
BP-HMM	1598	2	0	400	0.2	0.33
BP-HMM	1690	10	0	300	0.15	0.66
BP-HMM	1398	2	0	600	0.3	0.33
BP-HMM	1400	0	0	600	0.3	0.99
BP-HMM	1700	0	0	300	0.15	0.99
BP-HMM	752	748	294	206	0.25	0.66
BP-HMM	1336	64	0	600	0.3	0.66
BP-HMM	1494	6	0	500	0.25	0.99
BP-HMM	1798	2	1	199	0.1	0.33
BP-HMM	1900	0	0	100	0.05	0.66
BP-HMM	1600	0	5	395	0.2	0.66
BP-HMM	1396	4	1	599	0.3	0.33
BP-HMM	1600	0	0	400	0.2	0.99
BP-HMM	1879	21	0	100	0.05	0.33
BP-HMM	1600	0	0	400	0.2	0.66
BP-HMM	1800	0	3	197	0.1	0.33
BP-HMM	1900	0	0	100	0.05	0.66
BP-HMM	1600	0	3	397	0.2	0.99
BP-HMM	1900	0	1	99	0.05	0.33
BP-HMM	1493	7	0	500	0.25	0.99
BP-HMM	1400	0	2	598	0.3	0.33
BP-HMM	1599	1	1	399	0.2	0.99
BP-HMM	1205	695	54	46	0.05	0.66
BP-HMM	1800	0	2	198	0.1	0.33
BP-HMM	1600	0	0	400	0.2	0.66
BP-HMM	1759	41	194	6	0.1	0.66
BP-HMM	1398	2	0	600	0.3	0.66
BP-HMM	1798	2	0	200	0.1	0.66
BP-HMM	1896	4	0	100	0.05	0.33
BP-HMM	1379	21	0	600	0.3	0.33
BP-HMM	1899	1	100	0	0.05	0.66
BP-HMM	1382	18	0	600	0.3	0.99
BP-HMM	1857	43	1	99	0.05	0.66
BP-HMM	1593	7	0	400	0.2	0.33
BP-HMM	1498	2	4	496	0.25	0.66
BP-HMM	1500	0	1	499	0.25	0.66
BP-HMM	1842	58	31	69	0.05	0.33
BP-HMM	1500	0	0	500	0.25	0.99
BP-HMM	1595	5	1	399	0.2	0.33
BP-HMM	1899	1	0	100	0.05	0.99
BP-HMM	1500	0	1	499	0.25	0.99
BP-HMM	1723	177	77	23	0.05	0.33
BP-HMM	1600	0	0	400	0.2	0.99
BP-HMM	1600	0	1	399	0.2	0.66
BP-HMM	1700	0	0	300	0.15	0.33
BP-HMM	1900	0	0	100	0.05	0.66
BP-HMM	1399	1	0	600	0.3	0.99
BP-HMM	1395	5	0	600	0.3	0.66
BP-HMM	980	920	86	14	0.05	0.33
BP-HMM	1598	2	0	400	0.2	0.99
BP-HMM	1899	1	2	98	0.05	0.66
BP-HMM	1400	0	0	600	0.3	0.99
BP-HMM	1400	0	1	599	0.3	0.66
BP-HMM	1499	1	0	500	0.25	0.66
BP-HMM	1593	7	0	400	0.2	0.66
BP-HMM	1500	0	0	500	0.25	0.99
BP-HMM	1893	7	0	100	0.05	0.33
BP-HMM	1883	17	0	100	0.05	0.99
BP-HMM	1326	274	11	389	0.2	0.33
BP-HMM	1499	1	0	500	0.25	0.33
BP-HMM	1382	18	1	599	0.3	0.33
BP-HMM	1697	3	0	300	0.15	0.66
BP-HMM	1700	0	0	300	0.15	0.99
BP-HMM	1600	0	0	400	0.2	0.66
BP-HMM	1698	2	0	300	0.15	0.99
BP-HMM	1800	0	6	194	0.1	0.33
BP-HMM	1400	0	1	599	0.3	0.33
BP-HMM	1698	2	0	300	0.15	0.66
BP-HMM	1596	4	0	400	0.2	0.99
BP-HMM	1499	1	0	500	0.25	0.99
BP-HMM	1599	1	0	400	0.2	0.99
BP-HMM	1700	0	0	300	0.15	0.66
BP-HMM	1800	0	0	200	0.1	0.33
BP-HMM	1897	3	0	100	0.05	0.66
BP-HMM	1398	2	0	600	0.3	0.33
BP-HMM	1600	0	0	400	0.2	0.99
BP-HMM	1800	0	0	200	0.1	0.33
BP-HMM	1228	672	0	100	0.05	0.66
BP-HMM	1499	1	0	500	0.25	0.99
BP-HMM	1600	0	2	398	0.2	0.66
BP-HMM	1699	1	1	299	0.15	0.33
BP-HMM	1498	2	6	494	0.25	0.66
BP-HMM	1799	1	0	200	0.1	0.33
BP-HMM	1800	0	0	200	0.1	0.99
BP-HMM	1900	0	0	100	0.05	0.99
BP-HMM	1398	2	1	599	0.3	0.33
BP-HMM	1500	0	0	500	0.25	0.33
BP-HMM	1500	0	0	500	0.25	0.99
BP-HMM	1500	0	0	500	0.25	0.99
BP-HMM	1500	0	2	498	0.25	0.33
BP-HMM	1795	5	8	192	0.1	0.33
BP-HMM	1496	4	0	500	0.25	0.66
BP-HMM	1700	0	0	300	0.15	0.33
BP-HMM	1900	0	3	97	0.05	0.99
BP-HMM	1697	3	0	300	0.15	0.66
BP-HMM	1799	1	0	200	0.1	0.99
BP-HMM	1500	0	0	500	0.25	0.99
BP-HMM	1800	0	0	200	0.1	0.66
BP-HMM	1543	57	314	86	0.2	0.33
BP-HMM	1699	1	0	300	0.15	0.66
BP-HMM	483	917	597	3	0.3	0.33
BP-HMM	1900	0	0	100	0.05	0.99
BP-HMM	1699	1	0	300	0.15	0.99
BP-HMM	1796	4	1	199	0.1	0.33
BP-HMM	1400	0	0	600	0.3	0.33
BP-HMM	1700	0	0	300	0.15	0.66
BP-HMM	1599	1	0	400	0.2	0.33
BP-HMM	1699	1	0	300	0.15	0.99
BP-HMM	1795	5	0	200	0.1	0.66
BP-HMM	1600	0	3	397	0.2	0.66
BP-HMM	1700	0	1	299	0.15	0.33
BP-HMM	1500	0	0	500	0.25	0.66
BP-HMM	1699	1	0	300	0.15	0.99
BP-HMM	1400	0	3	597	0.3	0.66
BP-HMM	1400	0	1	599	0.3	0.99
BP-HMM	1793	7	0	200	0.1	0.99
BP-HMM	1890	10	3	97	0.05	0.33
BP-HMM	1599	1	1	399	0.2	0.33
BP-HMM	1615	185	0	200	0.1	0.33
BP-HMM	1899	1	0	100	0.05	0.99
BP-HMM	1498	2	1	499	0.25	0.33
BP-HMM	1772	28	1	199	0.1	0.66
BP-HMM	1900	0	0	100	0.05	0.99
BP-HMM	1500	0	6	494	0.25	0.33
BP-HMM	1396	4	0	600	0.3	0.66
BP-HMM	1385	15	0	600	0.3	0.99
BP-HMM	1499	1	0	500	0.25	0.66
BP-HMM	1687	13	0	300	0.15	0.33
BP-HMM	1598	2	0	400	0.2	0.66
BP-HMM	1798	2	0	200	0.1	0.99
BP-HMM	1899	1	0	100	0.05	0.33
BP-HMM	1472	28	0	500	0.25	0.33
BP-HMM	915	885	128	72	0.1	0.66
BP-HMM	1569	231	196	4	0.1	0.33
BP-HMM	1600	0	0	400	0.2	0.33
BP-HMM	960	740	193	107	0.15	0.66
BP-HMM	1800	0	0	200	0.1	0.99
BP-HMM	1700	0	1	299	0.15	0.33
BP-HMM	1700	0	0	300	0.15	0.99
BP-HMM	1699	1	0	300	0.15	0.66
BP-HMM	1597	3	1	399	0.2	0.33
BP-HMM	1500	0	0	500	0.25	0.66
BP-HMM	1699	1	1	299	0.15	0.99
BP-HMM	1400	0	0	600	0.3	0.99
BP-HMM	1500	0	1	499	0.25	0.33
BP-HMM	1500	0	1	499	0.25	0.33
BP-HMM	1798	2	5	195	0.1	0.33
BP-HMM	1796	4	0	200	0.1	0.66
