phlag_0005-c_min25max81	1582	216	0	202	0.101	0.9900990099009901
phlag_0005-c_min25max81	1666	1	331	2	0.1665	0.6006006006006006
phlag_0005-c_min25max81	1696	1	0	303	0.1515	0.9900990099009901
phlag_0005-c_min25max81	1525	142	0	333	0.1665	0.6006006006006006
phlag_0005-c_min25max81	1787	11	0	202	0.101	0.9900990099009901
phlag_0005-c_min25max81	1028	806	165	1	0.083	0.6024096385542168
phlag_0005-c_min25max81	788	712	141	359	0.25	0.6
phlag_0005-c_min25max81	1394	0	0	606	0.303	0.9900990099009901
phlag_0005-c_min25max81	80	1415	505	0	0.2525	0.9900990099009901
phlag_0005-c_min25max81	1564	32	0	404	0.202	0.9900990099009901
phlag_0005-c_min25max81	1834	0	160	6	0.083	0.6024096385542168
phlag_0005-c_min25max81	1211	40	271	478	0.3745	0.801068090787717
phlag_0005-c_min25max81	1805	29	0	166	0.083	0.6024096385542168
phlag_0005-c_min25max81	1134	33	20	813	0.4165	0.6002400960384153
phlag_0005-c_min25max81	1323	344	72	261	0.1665	0.6006006006006006
phlag_0005-c_min25max81	1696	1	0	303	0.1515	0.9900990099009901
phlag_0005-c_min25max81	981	19	975	25	0.5	0.6
phlag_0005-c_min25max81	1331	44	23	602	0.3125	0.8016
phlag_0005-c_min25max81	7	1244	741	8	0.3745	0.801068090787717
phlag_0005-c_min25max81	1472	28	25	475	0.25	0.6
phlag_0005-c_min25max81	1402	224	9	365	0.187	0.8021390374331551
phlag_0005-c_min25max81	1193	706	0	101	0.0505	0.9900990099009901
phlag_0005-c_min25max81	1495	0	1	504	0.2525	0.9900990099009901
phlag_0005-c_min25max81	1495	0	0	505	0.2525	0.9900990099009901
phlag_0005-c_min25max81	1638	196	2	164	0.083	0.6024096385542168
phlag_0005-c_min25max81	1740	58	0	202	0.101	0.9900990099009901
phlag_0005-c_min25max81	1580	46	10	364	0.187	0.8021390374331551
phlag_0005-c_min25max81	1218	657	0	125	0.0625	0.808
phlag_0005-c_min25max81	27	1307	649	17	0.333	0.6006006006006006
phlag_0005-c_min25max81	107	1227	444	222	0.333	0.6006006006006006
phlag_0005-c_min25max81	1707	168	2	123	0.0625	0.808
phlag_0005-c_min25max81	969	31	69	931	0.5	0.6
phlag_0005-c_min25max81	1162	505	52	281	0.1665	0.6006006006006006
phlag_0005-c_min25max81	0	1697	303	0	0.1515	0.9900990099009901
phlag_0005-c_min25max81	2	1873	125	0	0.0625	0.808
phlag_0005-c_min25max81	1731	19	0	250	0.125	0.804
phlag_0005-c_min25max81	1689	8	0	303	0.1515	0.9900990099009901
phlag_0005-c_min25max81	1176	622	13	189	0.101	0.9900990099009901
phlag_0005-c_min25max81	1626	0	0	374	0.187	0.8021390374331551
phlag_0005-c_min25max81	1394	0	15	591	0.303	0.9900990099009901
phlag_0005-c_min25max81	1798	0	0	202	0.101	0.9900990099009901
phlag_0005-c_min25max81	806	361	192	641	0.4165	0.6002400960384153
phlag_0005-c_min25max81	1000	0	988	12	0.5	0.6
phlag_0005-c_min25max81	1633	266	0	101	0.0505	0.9900990099009901
phlag_0005-c_min25max81	0	1375	566	59	0.3125	0.8016
phlag_0005-c_min25max81	1748	2	0	250	0.125	0.804
phlag_0005-c_min25max81	490	1005	500	5	0.2525	0.9900990099009901
phlag_0005-c_min25max81	1394	0	0	606	0.303	0.9900990099009901
phlag_0005-c_min25max81	988	12	105	895	0.5	0.6
phlag_0005-c_min25max81	1374	20	0	606	0.303	0.9900990099009901
phlag_0005-c_min25max81	1004	830	38	128	0.083	0.6024096385542168
phlag_0005-c_min25max81	1802	32	115	51	0.083	0.6024096385542168
phlag_0005-c_min25max81	1313	21	26	640	0.333	0.6006006006006006
phlag_0005-c_min25max81	1667	0	2	331	0.1665	0.6006006006006006
phlag_0005-c_min25max81	1107	643	20	230	0.125	0.804
phlag_0005-c_min25max81	1667	0	48	285	0.1665	0.6006006006006006
phlag_0005-c_min25max81	1701	174	0	125	0.0625	0.808
phlag_0005-c_min25max81	76	1621	303	0	0.1515	0.9900990099009901
phlag_0005-c_min25max81	1750	149	0	101	0.0505	0.9900990099009901
phlag_0005-c_min25max81	1745	5	2	248	0.125	0.804
phlag_0005-c_min25max81	1357	143	0	500	0.25	0.6
phlag_0005-c_min25max81	69	1306	563	62	0.3125	0.8016
phlag_0005-c_min25max81	1810	65	0	125	0.0625	0.808
phlag_0005-c_min25max81	1794	4	0	202	0.101	0.9900990099009901
phlag_0005-c_min25max81	1103	231	19	647	0.333	0.6006006006006006
phlag_0005-c_min25max81	1660	7	2	331	0.1665	0.6006006006006006
phlag_0005-c_min25max81	1064	103	74	759	0.4165	0.6002400960384153
phlag_0005-c_min25max81	1271	63	520	146	0.333	0.6006006006006006
phlag_0005-c_min25max81	942	58	167	833	0.5	0.6
phlag_0005-c_min25max81	1828	6	1	165	0.083	0.6024096385542168
phlag_0005-c_min25max81	1896	3	0	101	0.0505	0.9900990099009901
phlag_0005-c_min25max81	999	1	23	977	0.5	0.6
phlag_0005-c_min25max81	1491	4	0	505	0.2525	0.9900990099009901
phlag_0005-c_min25max81	1482	18	0	500	0.25	0.6
phlag_0005-c_min25max81	1596	0	0	404	0.202	0.9900990099009901
phlag_0005-c_min25max81	1833	1	0	166	0.083	0.6024096385542168
phlag_0005-c_min25max81	1561	136	0	303	0.1515	0.9900990099009901
phlag_0005-c_min25max81	1403	97	8	492	0.25	0.6
phlag_0005-c_min25max81	954	46	960	40	0.5	0.6
phlag_0005-c_min25max81	1750	0	1	249	0.125	0.804
phlag_0005-c_min25max81	1492	8	1	499	0.25	0.6
phlag_0005-c_min25max81	1524	143	8	325	0.1665	0.6006006006006006
phlag_0005-c_min25max81	243	1257	338	162	0.25	0.6
phlag_0005-c_min25max81	1242	92	105	561	0.333	0.6006006006006006
phlag_0005-c_min25max81	0	1500	486	14	0.25	0.802
phlag_0005-c_min25max81	892	775	0	333	0.1665	0.6006006006006006
phlag_0005-c_min25max81	1000	0	17	983	0.5	0.6
phlag_0005-c_min25max81	721	446	593	240	0.4165	0.6002400960384153
phlag_0005-c_min25max81	1492	3	501	4	0.2525	0.9900990099009901
phlag_0005-c_min25max81	1864	35	0	101	0.0505	0.9900990099009901
phlag_0005-c_min25max81	1854	45	0	101	0.0505	0.9900990099009901
phlag_0005-c_min25max81	1152	182	46	620	0.333	0.6006006006006006
phlag_0005-c_min25max81	1085	415	36	464	0.25	0.802
phlag_0005-c_min25max81	194	1604	201	1	0.101	0.9900990099009901
phlag_0005-c_min25max81	1171	163	19	647	0.333	0.6006006006006006
phlag_0005-c_min25max81	70	1425	503	2	0.2525	0.9900990099009901
phlag_0005-c_min25max81	1227	24	5	744	0.3745	0.801068090787717
phlag_0005-c_min25max81	1596	0	404	0	0.202	0.9900990099009901
phlag_0005-c_min25max81	1697	0	0	303	0.1515	0.9900990099009901
phlag_0005-c_min25max81	1241	10	19	730	0.3745	0.801068090787717
phlag_0005-c_min25max81	172	1525	303	0	0.1515	0.9900990099009901
phlag_0005-c_min25max81	1218	33	0	749	0.3745	0.801068090787717
phlag_0005-c_min25max81	1251	0	31	718	0.3745	0.801068090787717
phlag_0005-c_min25max81	1832	2	1	165	0.083	0.6024096385542168
phlag_0005-c_min25max81	1663	34	0	303	0.1515	0.9900990099009901
phlag_0005-c_min25max81	1729	69	0	202	0.101	0.9900990099009901
phlag_0005-c_min25max81	36	1560	401	3	0.202	0.9900990099009901
phlag_0005-c_min25max81	1306	28	3	663	0.333	0.6006006006006006
phlag_0005-c_min25max81	1623	3	0	374	0.187	0.8021390374331551
phlag_0005-c_min25max81	1493	2	0	505	0.2525	0.9900990099009901
phlag_0005-c_min25max81	1166	1	830	3	0.4165	0.6002400960384153
phlag_0005-c_min25max81	1494	1	0	505	0.2525	0.9900990099009901
phlag_0005-c_min25max81	1238	262	18	482	0.25	0.802
phlag_0005-c_min25max81	1569	57	0	374	0.187	0.8021390374331551
phlag_0005-c_min25max81	12	988	689	311	0.5	0.6
phlag_0005-c_min25max81	1091	505	0	404	0.202	0.9900990099009901
phlag_0005-c_min25max81	1596	0	0	404	0.202	0.9900990099009901
phlag_0005-c_min25max81	1798	0	0	202	0.101	0.9900990099009901
phlag_0005-c_min25max81	1563	33	0	404	0.202	0.9900990099009901
phlag_0005-c_min25max81	700	694	606	0	0.303	0.9900990099009901
phlag_0005-c_min25max81	1853	22	7	118	0.0625	0.808
phlag_0005-c_min25max81	1582	115	0	303	0.1515	0.9900990099009901
phlag_0005-c_min25max81	1761	114	0	125	0.0625	0.808
phlag_0005-c_min25max81	955	420	28	597	0.3125	0.8016
phlag_0005-c_min25max81	1798	0	0	202	0.101	0.9900990099009901
phlag_0005-c_min25max81	1167	0	62	771	0.4165	0.6002400960384153
phlag_0005-c_min25max81	1500	0	500	0	0.25	0.6
phlag_0005-c_min25max81	1593	3	0	404	0.202	0.9900990099009901
phlag_0005-c_min25max81	1396	402	2	200	0.101	0.9900990099009901
phlag_0005-c_min25max81	1780	18	0	202	0.101	0.9900990099009901
phlag_0005-c_min25max81	1714	36	0	250	0.125	0.804
phlag_0005-c_min25max81	1834	0	1	165	0.083	0.6024096385542168
phlag_0005-c_min25max81	1121	505	24	350	0.187	0.8021390374331551
phlag_0005-c_min25max81	174	1326	311	189	0.25	0.6
phlag_0005-c_min25max81	1175	575	16	234	0.125	0.804
phlag_0005-c_min25max81	1605	62	0	333	0.1665	0.6006006006006006
phlag_0005-c_min25max81	1859	40	0	101	0.0505	0.9900990099009901
phlag_0005-c_min25max81	1495	0	0	505	0.2525	0.9900990099009901
phlag_0005-c_min25max81	736	860	0	404	0.202	0.9900990099009901
phlag_0005-c_min25max81	1583	167	0	250	0.125	0.804
phlag_0005-c_min25max81	95	1072	519	314	0.4165	0.6002400960384153
phlag_0005-c_min25max81	997	3	122	878	0.5	0.6
phlag_0005-c_min25max81	1297	78	24	601	0.3125	0.8016
phlag_0005-c_min25max81	1125	126	28	721	0.3745	0.801068090787717
phlag_0005-c_min25max81	1488	12	499	1	0.25	0.6
phlag_0005-c_min25max81	1782	16	0	202	0.101	0.9900990099009901
phlag_0005-c_min25max81	1753	45	0	202	0.101	0.9900990099009901
phlag_0005-c_min25max81	1394	0	0	606	0.303	0.9900990099009901
phlag_0005-c_min25max81	0	1394	606	0	0.303	0.9900990099009901
phlag_0005-c_min25max81	1455	45	10	490	0.25	0.6
phlag_0005-c_min25max81	1334	0	666	0	0.333	0.6006006006006006
phlag_0005-c_min25max81	86	1510	401	3	0.202	0.9900990099009901
phlag_0005-c_min25max81	1269	125	0	606	0.303	0.9900990099009901
phlag_0005-c_min25max81	1500	0	22	478	0.25	0.802
phlag_0005-c_min25max81	1535	263	1	201	0.101	0.9900990099009901
phlag_0005-c_min25max81	1899	0	0	101	0.0505	0.9900990099009901
phlag_0005-c_min25max81	110	1390	468	32	0.25	0.802
phlag_0005-c_min25max81	597	898	474	31	0.2525	0.9900990099009901
phlag_0005-c_min25max81	1492	3	0	505	0.2525	0.9900990099009901
phlag_0005-c_min25max81	1093	241	127	539	0.333	0.6006006006006006
phlag_0005-c_min25max81	1286	589	2	123	0.0625	0.808
phlag_0005-c_min25max81	1889	10	0	101	0.0505	0.9900990099009901
phlag_0005-c_min25max81	1798	0	0	202	0.101	0.9900990099009901
phlag_0005-c_min25max81	925	75	32	968	0.5	0.6
phlag_0005-c_min25max81	765	610	616	9	0.3125	0.8016
phlag_0005-c_min25max81	1471	29	18	482	0.25	0.802
phlag_0005-c_min25max81	1441	54	0	505	0.2525	0.9900990099009901
phlag_0005-c_min25max81	1823	52	1	124	0.0625	0.808
phlag_0005-c_min25max81	21	979	720	280	0.5	0.6
phlag_0005-c_min25max81	1605	294	0	101	0.0505	0.9900990099009901
phlag_0005-c_min25max81	1875	0	125	0	0.0625	0.808
phlag_0005-c_min25max81	1623	3	1	373	0.187	0.8021390374331551
phlag_0005-c_min25max81	706	789	489	16	0.2525	0.9900990099009901
phlag_0005-c_min25max81	1375	0	563	62	0.3125	0.8016
phlag_0005-c_min25max81	1452	48	0	500	0.25	0.802
phlag_0005-c_min25max81	893	607	40	460	0.25	0.802
phlag_0005-c_min25max81	1518	108	0	374	0.187	0.8021390374331551
phlag_0005-c_min25max81	1666	1	0	333	0.1665	0.6006006006006006
phlag_0005-c_min25max81	1092	283	8	617	0.3125	0.8016
phlag_0005-c_min25max81	1899	0	0	101	0.0505	0.9900990099009901
phlag_0005-c_min25max81	1759	39	0	202	0.101	0.9900990099009901
phlag_0005-c_min25max81	1237	263	40	460	0.25	0.6
phlag_0005-c_min25max81	103	1231	505	161	0.333	0.6006006006006006
phlag_0005-c_min25max81	1500	0	0	500	0.25	0.802
phlag_0005-c_min25max81	1500	0	4	496	0.25	0.802
phlag_0005-c_min25max81	1332	2	5	661	0.333	0.6006006006006006
phlag_0005-c_min25max81	1579	219	0	202	0.101	0.9900990099009901
phlag_0005-c_min25max81	18	1376	605	1	0.303	0.9900990099009901
phlag_0005-c_min25max81	1375	0	2	623	0.3125	0.8016
phlag_0005-c_min25max81	1605	145	0	250	0.125	0.804
phlag_0005-c_min25max81	946	680	69	305	0.187	0.8021390374331551
phlag_0005-c_min25max81	1482	18	1	499	0.25	0.802
phlag_0005-c_min25max81	976	24	47	953	0.5	0.6
phlag_0005-c_min25max81	1596	0	404	0	0.202	0.9900990099009901
phlag_0005-c_min25max81	1167	0	149	684	0.4165	0.6002400960384153
phlag_0005-c_min25max81	1681	16	0	303	0.1515	0.9900990099009901
phlag_0005-c_min25max81	1236	15	26	723	0.3745	0.801068090787717
phlag_0005-c_min25max81	681	986	313	20	0.1665	0.6006006006006006
phlag_0005-c_min25max81	1637	197	47	119	0.083	0.6024096385542168
phlag_0005-c_min25max81	1256	244	58	442	0.25	0.6
phlag_0005-c_min25max81	1259	75	23	643	0.333	0.6006006006006006
phlag_0005-c_min25max81	1375	0	471	154	0.3125	0.8016
phlag_0005-c_min25max81	1593	3	0	404	0.202	0.9900990099009901
phlag_0005-c_min25max81	1390	4	0	606	0.303	0.9900990099009901
phlag_0005-c_min25max81	1251	0	0	749	0.3745	0.801068090787717
phlag_0005-c_min25max81	607	393	446	554	0.5	0.6
phlag_0005-c_min25max81	1497	3	0	500	0.25	0.6
phlag_0005-c_min25max81	1059	739	12	190	0.101	0.9900990099009901
phlag_0005-c_min25max81	83	1168	729	20	0.3745	0.801068090787717
phlag_0005-c_min25max81	1683	216	0	101	0.0505	0.9900990099009901
phlag_0005-c_min25max81	1724	26	2	248	0.125	0.804
phlag_0005-c_min25max81	1090	77	130	703	0.4165	0.6002400960384153
phlag_0005-c_min25max81	1629	38	0	333	0.1665	0.6006006006006006
phlag_0005-c_min25max81	1016	359	42	583	0.3125	0.8016
phlag_0005-c_min25max81	1500	0	500	0	0.25	0.802
phlag_0005-c_min25max81	1008	492	89	411	0.25	0.802
phlag_0005-c_min25max81	1750	0	0	250	0.125	0.804
phlag_0005-c_min25max81	1392	2	0	606	0.303	0.9900990099009901
phlag_0005-c_min25max81	1166	1	75	758	0.4165	0.6002400960384153
phlag_0005-c_min25max81	1826	49	0	125	0.0625	0.808
phlag_0005-c_min25max81	329	922	681	68	0.3745	0.801068090787717
phlag_0005-c_min25max81	1833	1	0	166	0.083	0.6024096385542168
phlag_0005-c_min25max81	1763	71	1	165	0.083	0.6024096385542168
phlag_0005-c_min25max81	22	1853	117	8	0.0625	0.808
phlag_0005-c_min25max81	1151	16	8	825	0.4165	0.6002400960384153
phlag_0005-c_min25max81	1898	1	0	101	0.0505	0.9900990099009901
phlag_0005-c_min25max81	897	103	973	27	0.5	0.6
phlag_0005-c_min25max81	299	1035	610	56	0.333	0.6006006006006006
phlag_0005-c_min25max81	975	525	89	411	0.25	0.6
phlag_0005-c_min25max81	10	1657	301	32	0.1665	0.6006006006006006
phlag_0005-c_min25max81	1266	484	5	245	0.125	0.804
phlag_0005-c_min25max81	1875	0	0	125	0.0625	0.808
phlag_0005-c_min25max81	1302	73	0	625	0.3125	0.8016
phlag_0005-c_min25max81	1603	64	22	311	0.1665	0.6006006006006006
phlag_0005-c_min25max81	1155	441	1	403	0.202	0.9900990099009901
phlag_0005-c_min25max81	1366	134	38	462	0.25	0.6
phlag_0005-c_min25max81	1191	559	32	218	0.125	0.804
phlag_0005-c_min25max81	1394	0	0	606	0.303	0.9900990099009901
phlag_0005-c_min25max81	1897	2	0	101	0.0505	0.9900990099009901
phlag_0005-c_min25max81	1486	9	0	505	0.2525	0.9900990099009901
phlag_0005-c_min25max81	1732	167	1	100	0.0505	0.9900990099009901
phlag_0005-c_min25max81	1783	116	0	101	0.0505	0.9900990099009901
phlag_0005-c_min25max81	1360	515	8	117	0.0625	0.808
phlag_0005-c_min25max81	1795	3	0	202	0.101	0.9900990099009901
phlag_0005-c_min25max81	1334	0	33	633	0.333	0.6006006006006006
phlag_0005-c_min25max81	86	1081	625	208	0.4165	0.6002400960384153
phlag_0005-c_min25max81	1639	28	21	312	0.1665	0.6006006006006006
phlag_0005-c_min25max81	1869	6	120	5	0.0625	0.808
phlag_0005-c_min25max81	1601	25	9	365	0.187	0.8021390374331551
phlag_0005-c_min25max81	1444	56	26	474	0.25	0.6
phlag_0005-c_min25max81	1192	434	17	357	0.187	0.8021390374331551
phlag_0005-c_min25max81	1783	51	17	149	0.083	0.6024096385542168
phlag_0005-c_min25max81	1246	588	106	60	0.083	0.6024096385542168
phlag_0005-c_min25max81	1499	1	0	500	0.25	0.802
phlag_0005-c_min25max81	944	56	161	839	0.5	0.6
phlag_0005-c_min25max81	1500	0	3	497	0.25	0.802
phlag_0005-c_min25max81	1719	79	0	202	0.101	0.9900990099009901
phlag_0005-c_min25max81	1282	617	4	97	0.0505	0.9900990099009901
phlag_0005-c_min25max81	1526	171	0	303	0.1515	0.9900990099009901
phlag_0005-c_min25max81	1358	17	30	595	0.3125	0.8016
phlag_0005-c_min25max81	1349	151	9	491	0.25	0.6
phlag_0005-c_min25max81	1765	33	202	0	0.101	0.9900990099009901
phlag_0005-c_min25max81	1750	0	0	250	0.125	0.804
phlag_0005-c_min25max81	1000	0	1000	0	0.5	0.6
phlag_0005-c_min25max81	1157	94	21	728	0.3745	0.801068090787717
phlag_0005-c_min25max81	1251	0	2	747	0.3745	0.801068090787717
phlag_0005-c_min25max81	1369	298	25	308	0.1665	0.6006006006006006
phlag_0005-c_min25max81	1818	16	166	0	0.083	0.6024096385542168
phlag_0005-c_min25max81	1050	117	109	724	0.4165	0.6002400960384153
phlag_0005-c_min25max81	72	1322	606	0	0.303	0.9900990099009901
phlag_0005-c_min25max81	1596	0	0	404	0.202	0.9900990099009901
phlag_0005-c_min25max81	1356	19	38	587	0.3125	0.8016
phlag_0005-c_min25max81	1425	75	10	490	0.25	0.6
phlag_0005-c_min25max81	1231	20	11	738	0.3745	0.801068090787717
phlag_0005-c_min25max81	1794	4	0	202	0.101	0.9900990099009901
phlag_0005-c_min25max81	1335	261	0	404	0.202	0.9900990099009901
phlag_0005-c_min25max81	1847	28	0	125	0.0625	0.808
phlag_0005-c_min25max81	1476	19	3	502	0.2525	0.9900990099009901
phlag_0005-c_min25max81	1724	110	5	161	0.083	0.6024096385542168
phlag_0005-c_min25max81	1621	5	312	62	0.187	0.8021390374331551
phlag_0005-c_min25max81	1723	27	1	249	0.125	0.804
phlag_0005-c_min25max81	1045	455	9	491	0.25	0.802
phlag_0005-c_min25max81	1626	0	0	374	0.187	0.8021390374331551
phlag_0005-c_min25max81	1144	23	218	615	0.4165	0.6002400960384153
phlag_0005-c_min25max81	1497	3	499	1	0.25	0.6
phlag_0005-c_min25max81	1249	2	57	692	0.3745	0.801068090787717
phlag_0005-c_min25max81	1301	33	11	655	0.333	0.6006006006006006
phlag_0005-c_min25max81	1861	14	0	125	0.0625	0.808
phlag_0005-c_min25max81	1166	334	77	423	0.25	0.6
phlag_0005-c_min25max81	1614	12	0	374	0.187	0.8021390374331551
phlag_0005-c_min25max81	1626	0	0	374	0.187	0.8021390374331551
phlag_0005-c_min25max81	1391	3	0	606	0.303	0.9900990099009901
phlag_0005-c_min25max81	1159	92	25	724	0.3745	0.801068090787717
phlag_0005-c_min25max81	1495	0	1	504	0.2525	0.9900990099009901
phlag_0005-c_min25max81	1000	0	807	193	0.5	0.6
phlag_0005-c_min25max81	1795	3	0	202	0.101	0.9900990099009901
phlag_0005-c_min25max81	781	219	120	880	0.5	0.6
phlag_0005-c_min25max81	1495	0	0	505	0.2525	0.9900990099009901
phlag_0005-c_min25max81	1173	625	0	202	0.101	0.9900990099009901
phlag_0005-c_min25max81	1	1374	527	98	0.3125	0.8016
phlag_0005-c_min25max81	979	415	0	606	0.303	0.9900990099009901
phlag_0005-c_min25max81	1288	587	27	98	0.0625	0.808
phlag_0005-c_min25max81	1499	168	24	309	0.1665	0.6006006006006006
phlag_0005-c_min25max81	298	1202	414	86	0.25	0.802
phlag_0005-c_min25max81	1676	122	0	202	0.101	0.9900990099009901
phlag_0005-c_min25max81	1149	18	0	833	0.4165	0.6002400960384153
phlag_0005-c_min25max81	1251	0	2	747	0.3745	0.801068090787717
phlag_0005-c_min25max81	1334	0	666	0	0.333	0.6006006006006006
phlag_0005-c_min25max81	1245	6	6	743	0.3745	0.801068090787717
phlag_0005-c_min25max81	1375	0	6	619	0.3125	0.8016
phlag_0005-c_min25max81	950	50	35	965	0.5	0.6
phlag_0005-c_min25max81	1493	7	4	496	0.25	0.802
phlag_0005-c_min25max81	1741	9	22	228	0.125	0.804
phlag_0005-c_min25max81	0	1875	0	125	0.0625	0.808
phlag_0005-c_min25max81	1394	0	0	606	0.303	0.9900990099009901
phlag_0005-c_min25max81	1596	0	0	404	0.202	0.9900990099009901
phlag_0005-c_min25max81	1623	3	0	374	0.187	0.8021390374331551
phlag_0005-c_min25max81	1499	1	0	500	0.25	0.802
phlag_0005-c_min25max81	1622	4	13	361	0.187	0.8021390374331551
phlag_0005-c_min25max81	1334	0	666	0	0.333	0.6006006006006006
phlag_0005-c_min25max81	1798	0	0	202	0.101	0.9900990099009901
phlag_0005-c_min25max81	1495	0	0	505	0.2525	0.9900990099009901
phlag_0005-c_min25max81	1269	565	36	130	0.083	0.6024096385542168
phlag_0005-c_min25max81	1823	11	1	165	0.083	0.6024096385542168
phlag_0005-c_min25max81	864	303	88	745	0.4165	0.6002400960384153
phlag_0005-c_min25max81	1148	19	25	808	0.4165	0.6002400960384153
phlag_0005-c_min25max81	1575	92	6	327	0.1665	0.6006006006006006
phlag_0005-c_min25max81	1587	80	8	325	0.1665	0.6006006006006006
phlag_0005-c_min25max81	58	1639	303	0	0.1515	0.9900990099009901
phlag_0005-c_min25max81	1404	91	0	505	0.2525	0.9900990099009901
phlag_0005-c_min25max81	1784	14	0	202	0.101	0.9900990099009901
phlag_0005-c_min25max81	1494	1	0	505	0.2525	0.9900990099009901
phlag_0005-c_min25max81	1329	5	81	585	0.333	0.6006006006006006
phlag_0005-c_min25max81	1817	82	0	101	0.0505	0.9900990099009901
phlag_0005-c_min25max81	1455	45	2	498	0.25	0.802
phlag_0005-c_min25max81	1216	159	6	619	0.3125	0.8016
phlag_0005-c_min25max81	229	1165	600	6	0.303	0.9900990099009901
phlag_0005-c_min25max81	1500	0	11	489	0.25	0.802
phlag_0005-c_min25max81	156	1178	389	277	0.333	0.6006006006006006
phlag_0005-c_min25max81	1217	480	0	303	0.1515	0.9900990099009901
phlag_0005-c_min25max81	1321	179	3	497	0.25	0.802
phlag_0005-c_min25max81	1148	519	295	38	0.1665	0.6006006006006006
phlag_0005-c_min25max81	967	33	68	932	0.5	0.6
phlag_0005-c_min25max81	115	885	772	228	0.5	0.6
phlag_0005-c_min25max81	1653	44	0	303	0.1515	0.9900990099009901
phlag_0005-c_min25max81	983	17	986	14	0.5	0.6
phlag_0005-c_min25max81	1251	0	745	4	0.3745	0.801068090787717
phlag_0005-c_min25max81	1875	0	125	0	0.0625	0.808
phlag_0005-c_min25max81	1590	36	3	371	0.187	0.8021390374331551
phlag_0005-c_min25max81	1167	0	4	829	0.4165	0.6002400960384153
phlag_0005-c_min25max81	89	1286	569	56	0.3125	0.8016
phlag_0005-c_min25max81	9	1741	233	17	0.125	0.804
phlag_0005-c_min25max81	1750	0	0	250	0.125	0.804
phlag_0005-c_min25max81	1394	0	0	606	0.303	0.9900990099009901
phlag_0005-c_min25max81	1332	2	11	655	0.333	0.6006006006006006
phlag_0005-c_min25max81	1348	152	33	467	0.25	0.6
phlag_0005-c_min25max81	1136	31	124	709	0.4165	0.6002400960384153
phlag_0005-c_min25max81	1394	0	1	605	0.303	0.9900990099009901
phlag_0005-c_min25max81	1620	6	0	374	0.187	0.8021390374331551
phlag_0005-c_min25max81	1809	66	0	125	0.0625	0.808
phlag_0005-c_min25max81	962	788	115	135	0.125	0.804
phlag_0005-c_min25max81	1167	0	38	795	0.4165	0.6002400960384153
phlag_0005-c_min25max81	1500	0	25	475	0.25	0.802
phlag_0005-c_min25max81	694	306	270	730	0.5	0.6
phlag_0005-c_min25max81	1595	1	0	404	0.202	0.9900990099009901
phlag_0005-c_min25max81	1367	8	110	515	0.3125	0.8016
phlag_0005-c_min25max81	1500	0	8	492	0.25	0.802
phlag_0005-c_min25max81	1167	0	39	794	0.4165	0.6002400960384153
phlag_0005-c_min25max81	1596	0	0	404	0.202	0.9900990099009901
phlag_0005-c_min25max81	1143	357	6	494	0.25	0.802
phlag_0005-c_min25max81	1251	0	1	748	0.3745	0.801068090787717
phlag_0005-c_min25max81	64	1562	348	26	0.187	0.8021390374331551
phlag_0005-c_min25max81	2	1498	488	12	0.25	0.802
phlag_0005-c_min25max81	1697	0	0	303	0.1515	0.9900990099009901
phlag_0005-c_min25max81	1745	5	1	249	0.125	0.804
phlag_0005-c_min25max81	1597	29	12	362	0.187	0.8021390374331551
phlag_0005-c_min25max81	1000	0	43	957	0.5	0.6
phlag_0005-c_min25max81	1481	269	36	214	0.125	0.804
phlag_0005-c_min25max81	1625	1	0	374	0.187	0.8021390374331551
phlag_0005-c_min25max81	1251	0	16	733	0.3745	0.801068090787717
phlag_0005-c_min25max81	150	1101	689	60	0.3745	0.801068090787717
phlag_0005-c_min25max81	10	1889	101	0	0.0505	0.9900990099009901
phlag_0005-c_min25max81	25	1601	332	42	0.187	0.8021390374331551
phlag_0005-c_min25max81	1803	31	20	146	0.083	0.6024096385542168
phlag_0005-c_min25max81	1500	0	0	500	0.25	0.802
phlag_0005-c_min25max81	969	365	117	549	0.333	0.6006006006006006
phlag_0005-c_min25max81	1543	356	0	101	0.0505	0.9900990099009901
phlag_0005-c_min25max81	1333	42	10	615	0.3125	0.8016
phlag_0005-c_min25max81	1798	0	0	202	0.101	0.9900990099009901
phlag_0005-c_min25max81	1000	0	81	919	0.5	0.6
phlag_0005-c_min25max81	1620	6	0	374	0.187	0.8021390374331551
phlag_0005-c_min25max81	1430	469	3	98	0.0505	0.9900990099009901
phlag_0005-c_min25max81	1225	26	13	736	0.3745	0.801068090787717
phlag_0005-c_min25max81	1750	0	3	247	0.125	0.804
phlag_0005-c_min25max81	1426	69	0	505	0.2525	0.9900990099009901
phlag_0005-c_min25max81	1025	142	18	815	0.4165	0.6002400960384153
phlag_0005-c_min25max81	1249	2	0	749	0.3745	0.801068090787717
phlag_0005-c_min25max81	1000	0	999	1	0.5	0.6
phlag_0005-c_min25max81	1621	5	369	5	0.187	0.8021390374331551
phlag_0005-c_min25max81	1581	15	0	404	0.202	0.9900990099009901
phlag_0005-c_min25max81	1	1374	499	126	0.3125	0.8016
phlag_0005-c_min25max81	1251	0	54	695	0.3745	0.801068090787717
phlag_0005-c_min25max81	1751	148	0	101	0.0505	0.9900990099009901
phlag_0005-c_min25max81	934	400	394	272	0.333	0.6006006006006006
phlag_0005-c_min25max81	1334	0	6	660	0.333	0.6006006006006006
phlag_0005-c_min25max81	1872	3	0	125	0.0625	0.808
phlag_0005-c_min25max81	1500	0	296	204	0.25	0.6
phlag_0005-c_min25max81	1194	640	64	102	0.083	0.6024096385542168
phlag_0005-c_min25max81	1308	26	43	623	0.333	0.6006006006006006
phlag_0005-c_min25max81	1832	2	0	166	0.083	0.6024096385542168
phlag_0005-c_min25max81	259	1491	211	39	0.125	0.804
phlag_0005-c_min25max81	1682	68	1	249	0.125	0.804
phlag_0005-c_min25max81	1580	218	0	202	0.101	0.9900990099009901
phlag_0005-c_min25max81	1725	73	0	202	0.101	0.9900990099009901
phlag_0005-c_min25max81	1483	12	0	505	0.2525	0.9900990099009901
phlag_0005-c_min25max81	1460	40	9	491	0.25	0.802
phlag_0005-c_min25max81	1696	1	0	303	0.1515	0.9900990099009901
phlag_0005-c_min25max81	1620	47	14	319	0.1665	0.6006006006006006
phlag_0005-c_min25max81	1361	14	10	615	0.3125	0.8016
phlag_0005-c_min25max81	1518	78	0	404	0.202	0.9900990099009901
phlag_0005-c_min25max81	22	1473	505	0	0.2525	0.9900990099009901
phlag_0005-c_min25max81	1890	9	0	101	0.0505	0.9900990099009901
phlag_0005-c_min25max81	1166	1	27	806	0.4165	0.6002400960384153
phlag_0005-c_min25max81	1294	373	72	261	0.1665	0.6006006006006006
phlag_0005-c_min25max81	1403	97	5	495	0.25	0.802
phlag_0005-c_min25max81	1834	0	4	162	0.083	0.6024096385542168
phlag_0005-c_min25max81	491	1105	397	7	0.202	0.9900990099009901
phlag_0005-c_min25max81	1798	0	0	202	0.101	0.9900990099009901
phlag_0005-c_min25max81	1367	8	4	621	0.3125	0.8016
phlag_0005-c_min25max81	430	737	660	173	0.4165	0.6002400960384153
phlag_0005-c_min25max81	1305	29	149	517	0.333	0.6006006006006006
phlag_0005-c_min25max81	1570	26	1	403	0.202	0.9900990099009901
phlag_0005-c_min25max81	1142	25	126	707	0.4165	0.6002400960384153
phlag_0005-c_min25max81	3	1492	502	3	0.2525	0.9900990099009901
phlag_0005-c_min25max81	1394	0	0	606	0.303	0.9900990099009901
phlag_0005-c_min25max81	1472	23	0	505	0.2525	0.9900990099009901
phlag_0005-c_min25max81	1750	0	0	250	0.125	0.804
phlag_0005-c_min25max81	1394	0	0	606	0.303	0.9900990099009901
phlag_0005-c_min25max81	1498	2	0	500	0.25	0.6
phlag_0005-c_min25max81	1495	0	0	505	0.2525	0.9900990099009901
phlag_0005-c_min25max81	1596	0	0	404	0.202	0.9900990099009901
phlag_0005-c_min25max81	59	1335	606	0	0.303	0.9900990099009901
phlag_0005-c_min25max81	33	1342	554	71	0.3125	0.8016
phlag_0005-c_min25max81	1864	11	0	125	0.0625	0.808
phlag_0005-c_min25max81	492	1003	498	7	0.2525	0.9900990099009901
phlag_0005-c_min25max81	1707	43	6	244	0.125	0.804
phlag_0005-c_min25max81	1834	0	166	0	0.083	0.6024096385542168
phlag_0005-c_min25max81	1166	1	0	833	0.4165	0.6002400960384153
phlag_0005-c_min25max81	1595	1	0	404	0.202	0.9900990099009901
phlag_0005-c_min25max81	16	1151	659	174	0.4165	0.6002400960384153
phlag_0005-c_min25max81	960	40	974	26	0.5	0.6
phlag_0005-c_min25max81	1375	0	7	618	0.3125	0.8016
phlag_0005-c_min25max81	68	1432	445	55	0.25	0.802
phlag_0005-c_min25max81	1000	0	25	975	0.5	0.6
phlag_0005-c_min25max81	1587	9	0	404	0.202	0.9900990099009901
phlag_0005-c_min25max81	6	1620	324	50	0.187	0.8021390374331551
phlag_0005-c_min25max81	12	1822	148	18	0.083	0.6024096385542168
phlag_0005-c_min25max81	1157	10	2	831	0.4165	0.6002400960384153
phlag_0005-c_min25max81	1337	158	3	502	0.2525	0.9900990099009901
phlag_0005-c_min25max81	1000	0	5	995	0.5	0.6
phlag_0005-c_min25max81	1499	1	53	447	0.25	0.6
phlag_0005-c_min25max81	1498	169	29	304	0.1665	0.6006006006006006
phlag_0005-c_min25max81	1492	8	0	500	0.25	0.6
phlag_0005-c_min25max81	134	1241	565	60	0.3125	0.8016
phlag_0005-c_min25max81	979	21	202	798	0.5	0.6
phlag_0005-c_min25max81	1039	628	93	240	0.1665	0.6006006006006006
phlag_0005-c_min25max81	1147	348	3	502	0.2525	0.9900990099009901
phlag_0005-c_min25max81	1515	111	12	362	0.187	0.8021390374331551
phlag_0005-c_min25max81	1830	4	166	0	0.083	0.6024096385542168
phlag_0005-c_min25max81	1870	5	0	125	0.0625	0.808
phlag_0005-c_min25max81	1667	0	14	319	0.1665	0.6006006006006006
phlag_0005-c_min25max81	1245	130	51	574	0.3125	0.8016
phlag_0005-c_min25max81	1579	296	2	123	0.0625	0.808
phlag_0005-c_min25max81	1431	69	38	462	0.25	0.6
phlag_0005-c_min25max81	1372	3	14	611	0.3125	0.8016
phlag_0005-c_min25max81	993	633	9	365	0.187	0.8021390374331551
phlag_0005-c_min25max81	1133	742	9	116	0.0625	0.808
phlag_0005-c_min25max81	1492	3	0	505	0.2525	0.9900990099009901
phlag_0005-c_min25max81	1375	0	0	625	0.3125	0.8016
phlag_0005-c_min25max81	1481	14	0	505	0.2525	0.9900990099009901
phlag_0005-c_min25max81	1692	207	0	101	0.0505	0.9900990099009901
phlag_0005-c_min25max81	1522	74	0	404	0.202	0.9900990099009901
phlag_0005-c_min25max81	1823	11	0	166	0.083	0.6024096385542168
phlag_0005-c_min25max81	1331	3	10	656	0.333	0.6006006006006006
phlag_0005-c_min25max81	1760	74	0	166	0.083	0.6024096385542168
phlag_0005-c_min25max81	1255	245	20	480	0.25	0.802
phlag_0005-c_min25max81	1439	395	8	158	0.083	0.6024096385542168
phlag_0005-c_min25max81	56	1694	0	250	0.125	0.804
phlag_0005-c_min25max81	1164	87	51	698	0.3745	0.801068090787717
phlag_0005-c_min25max81	1453	214	13	320	0.1665	0.6006006006006006
phlag_0005-c_min25max81	1626	0	0	374	0.187	0.8021390374331551
phlag_0005-c_min25max81	1475	25	15	485	0.25	0.6
phlag_0005-c_min25max81	1500	0	3	497	0.25	0.6
phlag_0005-c_min25max81	1221	577	11	191	0.101	0.9900990099009901
phlag_0005-c_min25max81	1293	41	9	657	0.333	0.6006006006006006
phlag_0005-c_min25max81	10	1586	401	3	0.202	0.9900990099009901
phlag_0005-c_min25max81	1239	12	0	749	0.3745	0.801068090787717
phlag_0005-c_min25max81	7	1589	404	0	0.202	0.9900990099009901
phlag_0005-c_min25max81	1495	0	0	505	0.2525	0.9900990099009901
phlag_0005-c_min25max81	1743	7	0	250	0.125	0.804
phlag_0005-c_min25max81	1496	4	0	500	0.25	0.6
phlag_0005-c_min25max81	1316	18	11	655	0.333	0.6006006006006006
phlag_0005-c_min25max81	1233	262	0	505	0.2525	0.9900990099009901
phlag_0005-c_min25max81	1485	10	0	505	0.2525	0.9900990099009901
phlag_0005-c_min25max81	1875	24	0	101	0.0505	0.9900990099009901
phlag_0005-c_min25max81	1045	206	98	651	0.3745	0.801068090787717
phlag_0005-c_min25max81	850	484	106	560	0.333	0.6006006006006006
phlag_0005-c_min25max81	937	63	5	995	0.5	0.6
phlag_0005-c_min25max81	1418	249	20	313	0.1665	0.6006006006006006
phlag_0005-c_min25max81	3	1248	748	1	0.3745	0.801068090787717
phlag_0005-c_min25max81	965	35	19	981	0.5	0.6
phlag_0005-c_min25max81	1680	17	0	303	0.1515	0.9900990099009901
phlag_0005-c_min25max81	1038	337	609	16	0.3125	0.8016
phlag_0005-c_min25max81	1667	0	12	321	0.1665	0.6006006006006006
phlag_0005-c_min25max81	7	1368	608	17	0.3125	0.8016
phlag_0005-c_min25max81	1503	247	0	250	0.125	0.804
phlag_0005-c_min25max81	1782	93	0	125	0.0625	0.808
phlag_0005-c_min25max81	1365	10	1	624	0.3125	0.8016
phlag_0005-c_min25max81	9	1617	367	7	0.187	0.8021390374331551
phlag_0005-c_min25max81	1621	129	8	242	0.125	0.804
phlag_0005-c_min25max81	1848	27	0	125	0.0625	0.808
phlag_0005-c_min25max81	1500	0	500	0	0.25	0.6
phlag_0005-c_min25max81	1590	77	39	294	0.1665	0.6006006006006006
phlag_0005-c_min25max81	1667	0	34	299	0.1665	0.6006006006006006
phlag_0005-c_min25max81	1709	166	0	125	0.0625	0.808
phlag_0005-c_min25max81	37	1463	335	165	0.25	0.6
phlag_0005-c_min25max81	159	1341	424	76	0.25	0.6
phlag_0005-c_min25max81	22	1812	145	21	0.083	0.6024096385542168
phlag_0005-c_min25max81	1316	18	657	9	0.333	0.6006006006006006
phlag_0005-c_min25max81	1898	1	0	101	0.0505	0.9900990099009901
phlag_0005-c_min25max81	1776	22	0	202	0.101	0.9900990099009901
phlag_0005-c_min25max81	1798	0	1	201	0.101	0.9900990099009901
phlag_0005-c_min25max81	1390	4	0	606	0.303	0.9900990099009901
phlag_0005-c_min25max81	172	1578	237	13	0.125	0.804
phlag_0005-c_min25max81	1493	2	0	505	0.2525	0.9900990099009901
phlag_0005-c_min25max81	997	3	61	939	0.5	0.6
phlag_0005-c_min25max81	1493	7	97	403	0.25	0.802
phlag_0005-c_min25max81	1113	584	0	303	0.1515	0.9900990099009901
phlag_0005-c_min25max81	98	1498	403	1	0.202	0.9900990099009901
phlag_0005-c_min25max81	1167	0	49	784	0.4165	0.6002400960384153
phlag_0005-c_min25max81	55	1112	681	152	0.4165	0.6002400960384153
phlag_0005-c_min25max81	1193	504	0	303	0.1515	0.9900990099009901
phlag_0005-c_min25max81	1332	2	1	665	0.333	0.6006006006006006
phlag_0005-c_min25max81	1701	49	8	242	0.125	0.804
phlag_0005-c_min25max81	1129	38	36	797	0.4165	0.6002400960384153
phlag_0005-c_min25max81	1035	561	9	395	0.202	0.9900990099009901
phlag_0005-c_min25max81	1384	10	0	606	0.303	0.9900990099009901
phlag_0005-c_min25max81	1863	12	0	125	0.0625	0.808
phlag_0005-c_min25max81	1251	0	688	61	0.3745	0.801068090787717
phlag_0005-c_min25max81	1587	9	0	404	0.202	0.9900990099009901
phlag_0005-c_min25max81	1720	30	3	247	0.125	0.804
phlag_0005-c_min25max81	1797	1	0	202	0.101	0.9900990099009901
phlag_0005-c_min25max81	1899	0	0	101	0.0505	0.9900990099009901
phlag_0005-c_min25max81	364	970	495	171	0.333	0.6006006006006006
phlag_0005-c_min25max81	1334	0	0	666	0.333	0.6006006006006006
phlag_0005-c_min25max81	1121	546	146	187	0.1665	0.6006006006006006
phlag_0005-c_min25max81	1591	5	0	404	0.202	0.9900990099009901
phlag_0005-c_min25max81	1245	6	749	0	0.3745	0.801068090787717
phlag_0005-c_min25max81	1381	13	0	606	0.303	0.9900990099009901
phlag_0005-c_min25max81	1339	161	7	493	0.25	0.802
phlag_0005-c_min25max81	2	1624	374	0	0.187	0.8021390374331551
phlag_0005-c_min25max81	1000	0	3	997	0.5	0.6
phlag_0005-c_min25max81	1163	88	18	731	0.3745	0.801068090787717
phlag_0005-c_min25max81	1296	538	15	151	0.083	0.6024096385542168
phlag_0005-c_min25max81	1798	0	0	202	0.101	0.9900990099009901
phlag_0005-c_min25max81	1697	0	1	302	0.1515	0.9900990099009901
phlag_0005-c_min25max81	1145	22	46	787	0.4165	0.6002400960384153
phlag_0005-c_min25max81	1643	232	2	123	0.0625	0.808
phlag_0005-c_min25max81	1019	356	40	585	0.3125	0.8016
phlag_0005-c_min25max81	1635	62	0	303	0.1515	0.9900990099009901
phlag_0005-c_min25max81	308	1067	573	52	0.3125	0.8016
phlag_0005-c_min25max81	1494	1	0	505	0.2525	0.9900990099009901
phlag_0005-c_min25max81	1416	281	0	303	0.1515	0.9900990099009901
phlag_0005-c_min25max81	1697	0	303	0	0.1515	0.9900990099009901
phlag_0005-c_min25max81	1495	0	0	505	0.2525	0.9900990099009901
phlag_0005-c_min25max81	1867	8	115	10	0.0625	0.808
phlag_0005-c_min25max81	923	411	206	460	0.333	0.6006006006006006
phlag_0005-c_min25max81	1251	0	10	739	0.3745	0.801068090787717
phlag_0005-c_min25max81	1550	46	1	403	0.202	0.9900990099009901
phlag_0005-c_min25max81	1104	795	28	73	0.0505	0.9900990099009901
phlag_0005-c_min25max81	1825	9	1	165	0.083	0.6024096385542168
phlag_0005-c_min25max81	1618	132	0	250	0.125	0.804
phlag_0005-c_min25max81	846	321	256	577	0.4165	0.6002400960384153
phlag_0005-c_min25max81	1659	8	0	333	0.1665	0.6006006006006006
phlag_0005-c_min25max81	1899	0	0	101	0.0505	0.9900990099009901
phlag_0005-c_min25max81	1697	0	0	303	0.1515	0.9900990099009901
phlag_0005-c_min25max81	967	33	42	958	0.5	0.6
phlag_0005-c_min25max81	138	1488	340	34	0.187	0.8021390374331551
phlag_0005-c_min25max81	1499	1	0	500	0.25	0.802
phlag_0005-c_min25max81	1076	318	0	606	0.303	0.9900990099009901
phlag_0005-c_min25max81	1094	532	106	268	0.187	0.8021390374331551
phlag_0005-c_min25max81	21	1474	505	0	0.2525	0.9900990099009901
phlag_0005-c_min25max81	1816	18	0	166	0.083	0.6024096385542168
phlag_0005-c_min25max81	420	974	596	10	0.303	0.9900990099009901
phlag_0005-c_min25max81	862	138	488	512	0.5	0.6
phlag_0005-c_min25max81	1641	234	0	125	0.0625	0.808
phlag_0005-c_min25max81	1159	8	8	825	0.4165	0.6002400960384153
phlag_0005-c_min25max81	1239	12	6	743	0.3745	0.801068090787717
phlag_0005-c_min25max81	1415	252	22	311	0.1665	0.6006006006006006
phlag_0005-c_min25max81	1130	567	19	284	0.1515	0.9900990099009901
phlag_0005-c_min25max81	100	1775	125	0	0.0625	0.808
phlag_0005-c_min25max81	1394	0	0	606	0.303	0.9900990099009901
phlag_0005-c_min25max81	1334	0	2	664	0.333	0.6006006006006006
phlag_0005-c_min25max81	1729	21	0	250	0.125	0.804
phlag_0005-c_min25max81	1625	1	3	371	0.187	0.8021390374331551
phlag_0005-c_min25max81	44	1653	303	0	0.1515	0.9900990099009901
phlag_0005-c_min25max81	1167	0	4	829	0.4165	0.6002400960384153
phlag_0005-c_min25max81	1383	11	0	606	0.303	0.9900990099009901
phlag_0005-c_min25max81	1394	0	0	606	0.303	0.9900990099009901
phlag_0005-c_min25max81	1301	93	0	606	0.303	0.9900990099009901
phlag_0005-c_min25max81	1373	294	11	322	0.1665	0.6006006006006006
phlag_0005-c_min25max81	1822	53	3	122	0.0625	0.808
phlag_0005-c_min25max81	1506	90	0	404	0.202	0.9900990099009901
phlag_0005-c_min25max81	1477	23	3	497	0.25	0.802
phlag_0005-c_min25max81	1332	2	24	642	0.333	0.6006006006006006
phlag_0005-c_min25max81	1332	2	63	603	0.333	0.6006006006006006
phlag_0005-c_min25max81	1119	48	97	736	0.4165	0.6002400960384153
phlag_0005-c_min25max81	1492	8	9	491	0.25	0.6
phlag_0005-c_min25max81	1459	41	36	464	0.25	0.6
phlag_0005-c_min25max81	897	103	227	773	0.5	0.6
phlag_0005-c_min25max81	1696	1	0	303	0.1515	0.9900990099009901
phlag_0005-c_min25max81	1784	50	0	166	0.083	0.6024096385542168
phlag_0005-c_min25max81	1495	0	0	505	0.2525	0.9900990099009901
phlag_0005-c_min25max81	1866	9	6	119	0.0625	0.808
phlag_0005-c_min25max81	291	960	648	101	0.3745	0.801068090787717
phlag_0005-c_min25max81	1669	81	0	250	0.125	0.804
phlag_0005-c_min25max81	1486	140	0	374	0.187	0.8021390374331551
phlag_0005-c_min25max81	1449	51	17	483	0.25	0.802
phlag_0005-c_min25max81	1873	26	0	101	0.0505	0.9900990099009901
phlag_0005-c_min25max81	1589	7	0	404	0.202	0.9900990099009901
phlag_0005-c_min25max81	1565	185	3	247	0.125	0.804
phlag_0005-c_min25max81	1704	130	2	164	0.083	0.6024096385542168
phlag_0005-c_min25max81	1553	281	70	96	0.083	0.6024096385542168
phlag_0005-c_min25max81	1668	29	0	303	0.1515	0.9900990099009901
phlag_0005-c_min25max81	1188	63	42	707	0.3745	0.801068090787717
phlag_0005-c_min25max81	1156	719	21	104	0.0625	0.808
phlag_0005-c_min25max81	1710	88	0	202	0.101	0.9900990099009901
phlag_0005-c_min25max81	1028	139	10	823	0.4165	0.6002400960384153
phlag_0005-c_min25max81	1755	43	0	202	0.101	0.9900990099009901
phlag_0005-c_min25max81	1697	0	1	302	0.1515	0.9900990099009901
phlag_0005-c_min25max81	1665	2	17	316	0.1665	0.6006006006006006
phlag_0005-c_min25max81	1054	446	58	442	0.25	0.6
phlag_0005-c_min25max81	1603	23	0	374	0.187	0.8021390374331551
phlag_0005-c_min25max81	1608	59	55	278	0.1665	0.6006006006006006
phlag_0005-c_min25max81	1243	8	14	735	0.3745	0.801068090787717
phlag_0005-c_min25max81	1545	205	5	245	0.125	0.804
phlag_0005-c_min25max81	1688	9	0	303	0.1515	0.9900990099009901
phlag_0005-c_min25max81	1841	58	0	101	0.0505	0.9900990099009901
phlag_0005-c_min25max81	1334	0	2	664	0.333	0.6006006006006006
phlag_0005-c_min25max81	1077	519	0	404	0.202	0.9900990099009901
phlag_0005-c_min25max81	1270	105	0	625	0.3125	0.8016
phlag_0005-c_min25max81	1594	2	1	403	0.202	0.9900990099009901
phlag_0005-c_min25max81	1372	3	10	615	0.3125	0.8016
phlag_0005-c_min25max81	994	501	3	502	0.2525	0.9900990099009901
phlag_0005-c_min25max81	1854	21	0	125	0.0625	0.808
phlag_0005-c_min25max81	987	13	138	862	0.5	0.6
phlag_0005-c_min25max81	1607	292	0	101	0.0505	0.9900990099009901
phlag_0005-c_min25max81	1317	517	36	130	0.083	0.6024096385542168
phlag_0005-c_min25max81	1798	0	0	202	0.101	0.9900990099009901
phlag_0005-c_min25max81	1498	2	15	485	0.25	0.6
phlag_0005-c_min25max81	1697	0	0	303	0.1515	0.9900990099009901
phlag_0005-c_min25max81	100	1400	452	48	0.25	0.802
phlag_0005-c_min25max81	1791	84	0	125	0.0625	0.808
phlag_0005-c_min25max81	1251	0	7	742	0.3745	0.801068090787717
phlag_0005-c_min25max81	1445	252	0	303	0.1515	0.9900990099009901
phlag_0005-c_min25max81	1164	3	60	773	0.4165	0.6002400960384153
phlag_0005-c_min25max81	43	1755	202	0	0.101	0.9900990099009901
phlag_0005-c_min25max81	997	3	19	981	0.5	0.6
phlag_0005-c_min25max81	1487	412	0	101	0.0505	0.9900990099009901
phlag_0005-c_min25max81	1411	215	8	366	0.187	0.8021390374331551
phlag_0005-c_min25max81	1013	154	12	821	0.4165	0.6002400960384153
phlag_0005-c_min25max81	1818	16	160	6	0.083	0.6024096385542168
phlag_0005-c_min25max81	90	1077	637	196	0.4165	0.6002400960384153
phlag_0005-c_min25max81	1598	28	232	142	0.187	0.8021390374331551
phlag_0005-c_min25max81	1697	0	0	303	0.1515	0.9900990099009901
phlag_0005-c_min25max81	1396	230	21	353	0.187	0.8021390374331551
phlag_0005-c_min25max81	1587	80	0	333	0.1665	0.6006006006006006
phlag_0005-c_min25max81	1549	285	5	161	0.083	0.6024096385542168
phlag_0005-c_min25max81	1323	71	0	606	0.303	0.9900990099009901
phlag_0005-c_min25max81	1455	295	10	240	0.125	0.804
phlag_0005-c_min25max81	1275	351	11	363	0.187	0.8021390374331551
phlag_0005-c_min25max81	752	748	456	44	0.25	0.802
phlag_0005-c_min25max81	1000	0	89	911	0.5	0.6
phlag_0005-c_min25max81	1000	0	978	22	0.5	0.6
phlag_0005-c_min25max81	1248	3	7	742	0.3745	0.801068090787717
phlag_0005-c_min25max81	1391	3	0	606	0.303	0.9900990099009901
phlag_0005-c_min25max81	727	524	117	632	0.3745	0.801068090787717
phlag_0005-c_min25max81	1274	120	1	605	0.303	0.9900990099009901
phlag_0005-c_min25max81	1663	34	1	302	0.1515	0.9900990099009901
phlag_0005-c_min25max81	1391	205	0	404	0.202	0.9900990099009901
phlag_0005-c_min25max81	1623	3	0	374	0.187	0.8021390374331551
phlag_0005-c_min25max81	1574	260	7	159	0.083	0.6024096385542168
phlag_0005-c_min25max81	1540	359	0	101	0.0505	0.9900990099009901
phlag_0005-c_min25max81	1813	86	0	101	0.0505	0.9900990099009901
phlag_0005-c_min25max81	1126	41	61	772	0.4165	0.6002400960384153
phlag_0005-c_min25max81	1040	335	20	605	0.3125	0.8016
phlag_0005-c_min25max81	1325	69	3	603	0.303	0.9900990099009901
phlag_0005-c_min25max81	49	1648	303	0	0.1515	0.9900990099009901
phlag_0005-c_min25max81	1260	74	11	655	0.333	0.6006006006006006
phlag_0005-c_min25max81	1880	19	0	101	0.0505	0.9900990099009901
phlag_0005-c_min25max81	988	12	30	970	0.5	0.6
phlag_0005-c_min25max81	1134	200	115	551	0.333	0.6006006006006006
phlag_0005-c_min25max81	1033	361	0	606	0.303	0.9900990099009901
phlag_0005-c_min25max81	974	526	18	482	0.25	0.802
phlag_0005-c_min25max81	456	938	593	13	0.303	0.9900990099009901
phlag_0005-c_min25max81	1335	59	0	606	0.303	0.9900990099009901
phlag_0005-c_min25max81	1160	7	186	647	0.4165	0.6002400960384153
phlag_0005-c_min25max81	1530	304	21	145	0.083	0.6024096385542168
phlag_0005-c_min25max81	1390	4	0	606	0.303	0.9900990099009901
phlag_0005-c_min25max81	1596	0	0	404	0.202	0.9900990099009901
phlag_0005-c_min25max81	314	1061	548	77	0.3125	0.8016
phlag_0005-c_min25max81	1482	18	4	496	0.25	0.802
phlag_0005-c_min25max81	1667	0	9	324	0.1665	0.6006006006006006
phlag_0005-c_min25max81	1652	15	63	270	0.1665	0.6006006006006006
phlag_0005-c_min25max81	1574	52	10	364	0.187	0.8021390374331551
phlag_0005-c_min25max81	1213	162	0	625	0.3125	0.8016
phlag_0005-c_min25max81	1890	9	0	101	0.0505	0.9900990099009901
phlag_0005-c_min25max81	8	1243	729	20	0.3745	0.801068090787717
phlag_0005-c_min25max81	7	1791	202	0	0.101	0.9900990099009901
phlag_0005-c_min25max81	3	1497	454	46	0.25	0.802
phlag_0005-c_min25max81	1573	94	7	326	0.1665	0.6006006006006006
phlag_0005-c_min25max81	1782	117	0	101	0.0505	0.9900990099009901
phlag_0005-c_min25max81	1453	47	5	495	0.25	0.6
phlag_0005-c_min25max81	1741	9	3	247	0.125	0.804
phlag_0005-c_min25max81	1565	61	0	374	0.187	0.8021390374331551
phlag_0005-c_min25max81	1653	14	0	333	0.1665	0.6006006006006006
phlag_0005-c_min25max81	1785	13	202	0	0.101	0.9900990099009901
phlag_0005-c_min25max81	1691	59	8	242	0.125	0.804
phlag_0005-c_min25max81	1467	33	5	495	0.25	0.802
phlag_0005-c_min25max81	1385	110	0	505	0.2525	0.9900990099009901
phlag_0005-c_min25max81	74	1301	625	0	0.3125	0.8016
phlag_0005-c_min25max81	1599	27	0	374	0.187	0.8021390374331551
phlag_0005-c_min25max81	11	1864	120	5	0.0625	0.808
phlag_0005-c_min25max81	1460	136	0	404	0.202	0.9900990099009901
phlag_0005-c_min25max81	1375	0	3	622	0.3125	0.8016
phlag_0005-c_min25max81	1711	39	5	245	0.125	0.804
phlag_0005-c_min25max81	915	336	46	703	0.3745	0.801068090787717
phlag_0005-c_min25max81	1348	46	1	605	0.303	0.9900990099009901
phlag_0005-c_min25max81	807	444	14	735	0.3745	0.801068090787717
phlag_0005-c_min25max81	1129	770	1	100	0.0505	0.9900990099009901
phlag_0005-c_min25max81	1559	108	3	330	0.1665	0.6006006006006006
phlag_0005-c_min25max81	1697	0	227	76	0.1515	0.9900990099009901
phlag_0005-c_min25max81	1190	61	11	738	0.3745	0.801068090787717
phlag_0005-c_min25max81	7	1387	605	1	0.303	0.9900990099009901
phlag_0005-c_min25max81	1323	11	0	666	0.333	0.6006006006006006
phlag_0005-c_min25max81	1487	8	0	505	0.2525	0.9900990099009901
phlag_0005-c_min25max81	1488	12	5	495	0.25	0.6
phlag_0005-c_min25max81	242	1384	347	27	0.187	0.8021390374331551
phlag_0005-c_min25max81	999	1	51	949	0.5	0.6
phlag_0005-c_min25max81	1496	201	0	303	0.1515	0.9900990099009901
phlag_0005-c_min25max81	1251	0	0	749	0.3745	0.801068090787717
phlag_0005-c_min25max81	7	1791	202	0	0.101	0.9900990099009901
phlag_0005-c_min25max81	1800	34	3	163	0.083	0.6024096385542168
phlag_0005-c_min25max81	1436	362	2	200	0.101	0.9900990099009901
phlag_0005-c_min25max81	1492	8	40	460	0.25	0.6
phlag_0005-c_min25max81	1667	0	10	323	0.1665	0.6006006006006006
phlag_0005-c_min25max81	1615	82	0	303	0.1515	0.9900990099009901
phlag_0005-c_min25max81	1878	21	0	101	0.0505	0.9900990099009901
phlag_0005-c_min25max81	1493	7	0	500	0.25	0.802
phlag_0005-c_min25max81	1626	0	0	374	0.187	0.8021390374331551
phlag_0005-c_min25max81	1375	0	0	625	0.3125	0.8016
phlag_0005-c_min25max81	340	660	687	313	0.5	0.6
phlag_0005-c_min25max81	1666	132	0	202	0.101	0.9900990099009901
phlag_0005-c_min25max81	1875	0	1	124	0.0625	0.808
phlag_0005-c_min25max81	1709	166	3	122	0.0625	0.808
phlag_0005-c_min25max81	1334	0	76	590	0.333	0.6006006006006006
phlag_0005-c_min25max81	1662	88	2	248	0.125	0.804
phlag_0005-c_min25max81	1656	41	0	303	0.1515	0.9900990099009901
phlag_0005-c_min25max81	862	305	111	722	0.4165	0.6002400960384153
phlag_0005-c_min25max81	12	1382	602	4	0.303	0.9900990099009901
phlag_0005-c_min25max81	1282	52	87	579	0.333	0.6006006006006006
phlag_0005-c_min25max81	1245	654	0	101	0.0505	0.9900990099009901
phlag_0005-c_min25max81	784	383	299	534	0.4165	0.6002400960384153
phlag_0005-c_min25max81	1455	242	0	303	0.1515	0.9900990099009901
phlag_0005-c_min25max81	1298	36	83	583	0.333	0.6006006006006006
phlag_0005-c_min25max81	1834	0	149	17	0.083	0.6024096385542168
phlag_0005-c_min25max81	1286	48	15	651	0.333	0.6006006006006006
phlag_0005-c_min25max81	1394	0	0	606	0.303	0.9900990099009901
phlag_0005-c_min25max81	1166	168	73	593	0.333	0.6006006006006006
phlag_0005-c_min25max81	1375	0	12	613	0.3125	0.8016
phlag_0005-c_min25max81	1281	113	20	586	0.303	0.9900990099009901
phlag_0005-c_min25max81	1852	47	0	101	0.0505	0.9900990099009901
phlag_0005-c_min25max81	1167	0	17	816	0.4165	0.6002400960384153
phlag_0005-c_min25max81	1478	397	0	125	0.0625	0.808
phlag_0005-c_min25max81	187	1510	303	0	0.1515	0.9900990099009901
phlag_0005-c_min25max81	1500	0	0	500	0.25	0.802
phlag_0005-c_min25max81	1656	11	7	326	0.1665	0.6006006006006006
phlag_0005-c_min25max81	1664	3	1	332	0.1665	0.6006006006006006
phlag_0005-c_min25max81	1656	142	0	202	0.101	0.9900990099009901
phlag_0005-c_min25max81	1836	63	0	101	0.0505	0.9900990099009901
phlag_0005-c_min25max81	0	1899	0	101	0.0505	0.9900990099009901
phlag_0005-c_min25max81	1723	27	232	18	0.125	0.804
phlag_0005-c_min25max81	157	1439	404	0	0.202	0.9900990099009901
phlag_0005-c_min25max81	1375	0	2	623	0.3125	0.8016
phlag_0005-c_min25max81	1167	0	833	0	0.4165	0.6002400960384153
phlag_0005-c_min25max81	1142	25	79	754	0.4165	0.6002400960384153
phlag_0005-c_min25max81	1688	9	0	303	0.1515	0.9900990099009901
phlag_0005-c_min25max81	1500	0	2	498	0.25	0.802
phlag_0005-c_min25max81	1141	26	26	807	0.4165	0.6002400960384153
phlag_0005-c_min25max81	1496	4	2	498	0.25	0.6
phlag_0005-c_min25max81	1847	28	0	125	0.0625	0.808
phlag_0005-c_min25max81	1362	537	0	101	0.0505	0.9900990099009901
phlag_0005-c_min25max81	1325	175	33	467	0.25	0.6
phlag_0005-c_min25max81	1394	0	8	598	0.303	0.9900990099009901
phlag_0005-c_min25max81	1720	114	163	3	0.083	0.6024096385542168
phlag_0005-c_min25max81	1833	1	1	165	0.083	0.6024096385542168
phlag_0005-c_min25max81	1500	0	0	500	0.25	0.6
phlag_0005-c_min25max81	1274	101	6	619	0.3125	0.8016
phlag_0005-c_min25max81	0	1251	721	28	0.3745	0.801068090787717
phlag_0005-c_min25max81	1697	0	0	303	0.1515	0.9900990099009901
phlag_0005-c_min25max81	1506	90	0	404	0.202	0.9900990099009901
phlag_0005-c_min25max81	1495	0	0	505	0.2525	0.9900990099009901
phlag_0005-c_min25max81	1381	215	0	404	0.202	0.9900990099009901
phlag_0005-c_min25max81	1559	37	0	404	0.202	0.9900990099009901
phlag_0005-c_min25max81	9	1242	680	69	0.3745	0.801068090787717
phlag_0005-c_min25max81	1626	0	0	374	0.187	0.8021390374331551
phlag_0005-c_min25max81	1481	269	4	246	0.125	0.804
phlag_0005-c_min25max81	1280	54	44	622	0.333	0.6006006006006006
phlag_0005-c_min25max81	6	1691	302	1	0.1515	0.9900990099009901
phlag_0005-c_min25max81	1308	86	1	605	0.303	0.9900990099009901
phlag_0005-c_min25max81	1596	0	1	403	0.202	0.9900990099009901
phlag_0005-c_min25max81	1495	101	2	402	0.202	0.9900990099009901
phlag_0005-c_min25max81	1809	25	118	48	0.083	0.6024096385542168
phlag_0005-c_min25max81	1301	93	0	606	0.303	0.9900990099009901
phlag_0005-c_min25max81	1897	2	1	100	0.0505	0.9900990099009901
phlag_0005-c_min25max81	1826	8	21	145	0.083	0.6024096385542168
phlag_0005-c_min25max81	1365	29	0	606	0.303	0.9900990099009901
phlag_0005-c_min25max81	1394	0	0	606	0.303	0.9900990099009901
phlag_0005-c_min25max81	1108	387	0	505	0.2525	0.9900990099009901
phlag_0005-c_min25max81	1697	0	0	303	0.1515	0.9900990099009901
phlag_0005-c_min25max81	1206	544	14	236	0.125	0.804
phlag_0005-c_min25max81	1697	0	303	0	0.1515	0.9900990099009901
phlag_0005-c_min25max81	586	1111	297	6	0.1515	0.9900990099009901
phlag_0005-c_min25max81	838	162	105	895	0.5	0.6
phlag_0005-c_min25max81	1500	0	1	499	0.25	0.6
phlag_0005-c_min25max81	1596	0	0	404	0.202	0.9900990099009901
phlag_0005-c_min25max81	1394	0	2	604	0.303	0.9900990099009901
phlag_0005-c_min25max81	1500	0	24	476	0.25	0.6
phlag_0005-c_min25max81	1670	27	1	302	0.1515	0.9900990099009901
phlag_0005-c_min25max81	946	554	132	368	0.25	0.6
phlag_0005-c_min25max81	110	890	741	259	0.5	0.6
phlag_0005-c_min25max81	1724	110	10	156	0.083	0.6024096385542168
phlag_0005-c_min25max81	1162	5	16	817	0.4165	0.6002400960384153
phlag_0005-c_min25max81	1488	7	0	505	0.2525	0.9900990099009901
phlag_0005-c_min25max81	1352	148	7	493	0.25	0.802
phlag_0005-c_min25max81	1327	173	7	493	0.25	0.802
phlag_0005-c_min25max81	1846	29	0	125	0.0625	0.808
phlag_0005-c_min25max81	1610	16	1	373	0.187	0.8021390374331551
phlag_0005-c_min25max81	1597	29	2	372	0.187	0.8021390374331551
phlag_0005-c_min25max81	1300	200	35	465	0.25	0.6
phlag_0005-c_min25max81	1334	0	5	661	0.333	0.6006006006006006
phlag_0005-c_min25max81	1598	28	0	374	0.187	0.8021390374331551
phlag_0005-c_min25max81	1556	278	6	160	0.083	0.6024096385542168
phlag_0005-c_min25max81	1119	756	19	106	0.0625	0.808
phlag_0005-c_min25max81	986	14	365	635	0.5	0.6
phlag_0005-c_min25max81	1874	1	1	124	0.0625	0.808
phlag_0005-c_min25max81	1795	3	0	202	0.101	0.9900990099009901
phlag_0005-c_min25max81	1374	1	0	625	0.3125	0.8016
phlag_0005-c_min25max81	1828	71	0	101	0.0505	0.9900990099009901
phlag_0005-c_min25max81	1583	292	26	99	0.0625	0.808
phlag_0005-c_min25max81	1235	16	1	748	0.3745	0.801068090787717
phlag_0005-c_min25max81	1054	821	34	91	0.0625	0.808
phlag_0005-c_min25max81	1186	481	68	265	0.1665	0.6006006006006006
phlag_0005-c_min25max81	1596	0	0	404	0.202	0.9900990099009901
phlag_0005-c_min25max81	1496	4	6	494	0.25	0.802
phlag_0005-c_min25max81	1371	124	0	505	0.2525	0.9900990099009901
phlag_0005-c_min25max81	1583	84	7	326	0.1665	0.6006006006006006
phlag_0005-c_min25max81	436	1463	101	0	0.0505	0.9900990099009901
phlag_0005-c_min25max81	1118	382	152	348	0.25	0.6
phlag_0005-c_min25max81	1798	0	202	0	0.101	0.9900990099009901
phlag_0005-c_min25max81	1461	39	456	44	0.25	0.802
phlag_0005-c_min25max81	1042	625	77	256	0.1665	0.6006006006006006
phlag_0005-c_min25max81	1372	3	0	625	0.3125	0.8016
phlag_0005-c_min25max81	0	1500	492	8	0.25	0.802
phlag_0005-c_min25max81	11	1585	404	0	0.202	0.9900990099009901
phlag_0005-c_min25max81	1405	90	0	505	0.2525	0.9900990099009901
phlag_0005-c_min25max81	1704	171	7	118	0.0625	0.808
phlag_0005-c_min25max81	1251	0	14	735	0.3745	0.801068090787717
phlag_0005-c_min25max81	1066	185	104	645	0.3745	0.801068090787717
phlag_0005-c_min25max81	967	200	110	723	0.4165	0.6002400960384153
phlag_0005-c_min25max81	1339	36	28	597	0.3125	0.8016
phlag_0005-c_min25max81	1487	13	14	486	0.25	0.6
phlag_0005-c_min25max81	953	47	188	812	0.5	0.6
phlag_0005-c_min25max81	1051	616	120	213	0.1665	0.6006006006006006
phlag_0005-c_min25max81	1750	0	2	248	0.125	0.804
phlag_0005-c_min25max81	1899	0	1	100	0.0505	0.9900990099009901
phlag_0005-c_min25max81	1375	0	625	0	0.3125	0.8016
phlag_0005-c_min25max81	1748	2	0	250	0.125	0.804
phlag_0005-c_min25max81	983	17	95	905	0.5	0.6
phlag_0005-c_min25max81	1495	0	0	505	0.2525	0.9900990099009901
phlag_0005-c_min25max81	1697	0	1	302	0.1515	0.9900990099009901
phlag_0005-c_min25max81	1785	49	8	158	0.083	0.6024096385542168
phlag_0005-c_min25max81	1343	32	0	625	0.3125	0.8016
phlag_0005-c_min25max81	1750	0	10	240	0.125	0.804
phlag_0005-c_min25max81	1593	3	0	404	0.202	0.9900990099009901
phlag_0005-c_min25max81	1798	0	0	202	0.101	0.9900990099009901
phlag_0005-c_min25max81	1500	0	500	0	0.25	0.6
phlag_0005-c_min25max81	1750	0	135	115	0.125	0.804
phlag_0005-c_min25max81	1445	50	0	505	0.2525	0.9900990099009901
phlag_0005-c_min25max81	1898	1	0	101	0.0505	0.9900990099009901
