phlag_0005-c_min16max81	1703	95	1	201	0.101	0.9900990099009901
phlag_0005-c_min16max81	1667	0	333	0	0.1665	0.6006006006006006
phlag_0005-c_min16max81	1695	2	1	302	0.1515	0.9900990099009901
phlag_0005-c_min16max81	1485	182	8	325	0.1665	0.6006006006006006
phlag_0005-c_min16max81	1766	32	0	202	0.101	0.9900990099009901
phlag_0005-c_min16max81	1726	108	12	154	0.083	0.6024096385542168
phlag_0005-c_min16max81	849	651	169	331	0.25	0.6
phlag_0005-c_min16max81	1394	0	0	606	0.303	0.9900990099009901
phlag_0005-c_min16max81	1451	44	0	505	0.2525	0.9900990099009901
phlag_0005-c_min16max81	1563	33	0	404	0.202	0.9900990099009901
phlag_0005-c_min16max81	1722	112	0	166	0.083	0.6024096385542168
phlag_0005-c_min16max81	96	1155	702	47	0.3745	0.801068090787717
phlag_0005-c_min16max81	1740	94	0	166	0.083	0.6024096385542168
phlag_0005-c_min16max81	1167	0	833	0	0.4165	0.6002400960384153
phlag_0005-c_min16max81	1124	543	21	312	0.1665	0.6006006006006006
phlag_0005-c_min16max81	1697	0	0	303	0.1515	0.9900990099009901
phlag_0005-c_min16max81	695	305	238	762	0.5	0.6
phlag_0005-c_min16max81	1342	33	0	625	0.3125	0.8016
phlag_0005-c_min16max81	1236	15	114	635	0.3745	0.801068090787717
phlag_0005-c_min16max81	1500	0	500	0	0.25	0.6
phlag_0005-c_min16max81	448	1178	354	20	0.187	0.8021390374331551
phlag_0005-c_min16max81	1164	735	0	101	0.0505	0.9900990099009901
phlag_0005-c_min16max81	1495	0	1	504	0.2525	0.9900990099009901
phlag_0005-c_min16max81	0	1495	504	1	0.2525	0.9900990099009901
phlag_0005-c_min16max81	1573	261	2	164	0.083	0.6024096385542168
phlag_0005-c_min16max81	1725	73	0	202	0.101	0.9900990099009901
phlag_0005-c_min16max81	1587	39	0	374	0.187	0.8021390374331551
phlag_0005-c_min16max81	1289	586	125	0	0.0625	0.808
phlag_0005-c_min16max81	1333	1	22	644	0.333	0.6006006006006006
phlag_0005-c_min16max81	1245	89	109	557	0.333	0.6006006006006006
phlag_0005-c_min16max81	1577	298	0	125	0.0625	0.808
phlag_0005-c_min16max81	985	15	52	948	0.5	0.6
phlag_0005-c_min16max81	1226	441	54	279	0.1665	0.6006006006006006
phlag_0005-c_min16max81	1697	0	0	303	0.1515	0.9900990099009901
phlag_0005-c_min16max81	1873	2	2	123	0.0625	0.808
phlag_0005-c_min16max81	1750	0	1	249	0.125	0.804
phlag_0005-c_min16max81	1694	3	0	303	0.1515	0.9900990099009901
phlag_0005-c_min16max81	1152	646	11	191	0.101	0.9900990099009901
phlag_0005-c_min16max81	1626	0	0	374	0.187	0.8021390374331551
phlag_0005-c_min16max81	1375	19	0	606	0.303	0.9900990099009901
phlag_0005-c_min16max81	1797	1	0	202	0.101	0.9900990099009901
phlag_0005-c_min16max81	724	443	114	719	0.4165	0.6002400960384153
phlag_0005-c_min16max81	959	41	113	887	0.5	0.6
phlag_0005-c_min16max81	1897	2	101	0	0.0505	0.9900990099009901
phlag_0005-c_min16max81	1375	0	1	624	0.3125	0.8016
phlag_0005-c_min16max81	1750	0	1	249	0.125	0.804
phlag_0005-c_min16max81	116	1379	498	7	0.2525	0.9900990099009901
phlag_0005-c_min16max81	1381	13	0	606	0.303	0.9900990099009901
phlag_0005-c_min16max81	995	5	93	907	0.5	0.6
phlag_0005-c_min16max81	1385	9	0	606	0.303	0.9900990099009901
phlag_0005-c_min16max81	1066	768	52	114	0.083	0.6024096385542168
phlag_0005-c_min16max81	1638	196	17	149	0.083	0.6024096385542168
phlag_0005-c_min16max81	1295	39	30	636	0.333	0.6006006006006006
phlag_0005-c_min16max81	1667	0	5	328	0.1665	0.6006006006006006
phlag_0005-c_min16max81	1187	563	69	181	0.125	0.804
phlag_0005-c_min16max81	1666	1	7	326	0.1665	0.6006006006006006
phlag_0005-c_min16max81	1636	239	0	125	0.0625	0.808
phlag_0005-c_min16max81	977	720	58	245	0.1515	0.9900990099009901
phlag_0005-c_min16max81	1792	107	0	101	0.0505	0.9900990099009901
phlag_0005-c_min16max81	1744	6	2	248	0.125	0.804
phlag_0005-c_min16max81	189	1311	431	69	0.25	0.6
phlag_0005-c_min16max81	1375	0	625	0	0.3125	0.8016
phlag_0005-c_min16max81	1733	142	0	125	0.0625	0.808
phlag_0005-c_min16max81	1798	0	0	202	0.101	0.9900990099009901
phlag_0005-c_min16max81	178	1156	543	123	0.333	0.6006006006006006
phlag_0005-c_min16max81	1667	0	27	306	0.1665	0.6006006006006006
phlag_0005-c_min16max81	1131	36	597	236	0.4165	0.6002400960384153
phlag_0005-c_min16max81	1127	207	73	593	0.333	0.6006006006006006
phlag_0005-c_min16max81	947	53	213	787	0.5	0.6
phlag_0005-c_min16max81	1809	25	0	166	0.083	0.6024096385542168
phlag_0005-c_min16max81	1895	4	0	101	0.0505	0.9900990099009901
phlag_0005-c_min16max81	999	1	359	641	0.5	0.6
phlag_0005-c_min16max81	1491	4	0	505	0.2525	0.9900990099009901
phlag_0005-c_min16max81	1500	0	500	0	0.25	0.6
phlag_0005-c_min16max81	1596	0	0	404	0.202	0.9900990099009901
phlag_0005-c_min16max81	1810	24	0	166	0.083	0.6024096385542168
phlag_0005-c_min16max81	1676	21	3	300	0.1515	0.9900990099009901
phlag_0005-c_min16max81	1424	76	0	500	0.25	0.6
phlag_0005-c_min16max81	767	233	264	736	0.5	0.6
phlag_0005-c_min16max81	1748	2	0	250	0.125	0.804
phlag_0005-c_min16max81	1479	21	1	499	0.25	0.6
phlag_0005-c_min16max81	1592	75	21	312	0.1665	0.6006006006006006
phlag_0005-c_min16max81	454	1046	349	151	0.25	0.6
phlag_0005-c_min16max81	1258	76	57	609	0.333	0.6006006006006006
phlag_0005-c_min16max81	1500	0	11	489	0.25	0.802
phlag_0005-c_min16max81	1349	318	36	297	0.1665	0.6006006006006006
phlag_0005-c_min16max81	989	11	17	983	0.5	0.6
phlag_0005-c_min16max81	696	471	473	360	0.4165	0.6002400960384153
phlag_0005-c_min16max81	1233	262	1	504	0.2525	0.9900990099009901
phlag_0005-c_min16max81	1888	11	0	101	0.0505	0.9900990099009901
phlag_0005-c_min16max81	1892	7	10	91	0.0505	0.9900990099009901
phlag_0005-c_min16max81	1124	210	82	584	0.333	0.6006006006006006
phlag_0005-c_min16max81	1105	395	37	463	0.25	0.802
phlag_0005-c_min16max81	1058	740	38	164	0.101	0.9900990099009901
phlag_0005-c_min16max81	1183	151	21	645	0.333	0.6006006006006006
phlag_0005-c_min16max81	42	1453	503	2	0.2525	0.9900990099009901
phlag_0005-c_min16max81	1221	30	35	714	0.3745	0.801068090787717
phlag_0005-c_min16max81	1591	5	0	404	0.202	0.9900990099009901
phlag_0005-c_min16max81	1697	0	0	303	0.1515	0.9900990099009901
phlag_0005-c_min16max81	1251	0	36	713	0.3745	0.801068090787717
phlag_0005-c_min16max81	935	762	14	289	0.1515	0.9900990099009901
phlag_0005-c_min16max81	1233	18	22	727	0.3745	0.801068090787717
phlag_0005-c_min16max81	1250	1	0	749	0.3745	0.801068090787717
phlag_0005-c_min16max81	1830	4	14	152	0.083	0.6024096385542168
phlag_0005-c_min16max81	1646	51	0	303	0.1515	0.9900990099009901
phlag_0005-c_min16max81	1798	0	202	0	0.101	0.9900990099009901
phlag_0005-c_min16max81	1503	93	0	404	0.202	0.9900990099009901
phlag_0005-c_min16max81	1326	8	98	568	0.333	0.6006006006006006
phlag_0005-c_min16max81	1625	1	11	363	0.187	0.8021390374331551
phlag_0005-c_min16max81	1484	11	0	505	0.2525	0.9900990099009901
phlag_0005-c_min16max81	878	289	100	733	0.4165	0.6002400960384153
phlag_0005-c_min16max81	1495	0	173	332	0.2525	0.9900990099009901
phlag_0005-c_min16max81	1491	9	492	8	0.25	0.802
phlag_0005-c_min16max81	1586	40	0	374	0.187	0.8021390374331551
phlag_0005-c_min16max81	988	12	0	1000	0.5	0.6
phlag_0005-c_min16max81	1592	4	399	5	0.202	0.9900990099009901
phlag_0005-c_min16max81	1596	0	0	404	0.202	0.9900990099009901
phlag_0005-c_min16max81	1798	0	0	202	0.101	0.9900990099009901
phlag_0005-c_min16max81	1568	28	0	404	0.202	0.9900990099009901
phlag_0005-c_min16max81	1376	18	586	20	0.303	0.9900990099009901
phlag_0005-c_min16max81	1856	19	0	125	0.0625	0.808
phlag_0005-c_min16max81	1620	77	0	303	0.1515	0.9900990099009901
phlag_0005-c_min16max81	1849	26	0	125	0.0625	0.808
phlag_0005-c_min16max81	940	435	25	600	0.3125	0.8016
phlag_0005-c_min16max81	1792	6	0	202	0.101	0.9900990099009901
phlag_0005-c_min16max81	1167	0	50	783	0.4165	0.6002400960384153
phlag_0005-c_min16max81	1500	0	201	299	0.25	0.6
phlag_0005-c_min16max81	1596	0	376	28	0.202	0.9900990099009901
phlag_0005-c_min16max81	1287	511	0	202	0.101	0.9900990099009901
phlag_0005-c_min16max81	1798	0	24	178	0.101	0.9900990099009901
phlag_0005-c_min16max81	1699	51	0	250	0.125	0.804
phlag_0005-c_min16max81	1834	0	1	165	0.083	0.6024096385542168
phlag_0005-c_min16max81	1097	529	25	349	0.187	0.8021390374331551
phlag_0005-c_min16max81	887	613	153	347	0.25	0.6
phlag_0005-c_min16max81	1134	616	14	236	0.125	0.804
phlag_0005-c_min16max81	1474	193	0	333	0.1665	0.6006006006006006
phlag_0005-c_min16max81	1866	33	0	101	0.0505	0.9900990099009901
phlag_0005-c_min16max81	1494	1	0	505	0.2525	0.9900990099009901
phlag_0005-c_min16max81	1528	68	0	404	0.202	0.9900990099009901
phlag_0005-c_min16max81	1565	185	0	250	0.125	0.804
phlag_0005-c_min16max81	429	738	622	211	0.4165	0.6002400960384153
phlag_0005-c_min16max81	999	1	74	926	0.5	0.6
phlag_0005-c_min16max81	1343	32	14	611	0.3125	0.8016
phlag_0005-c_min16max81	1123	128	36	713	0.3745	0.801068090787717
phlag_0005-c_min16max81	1221	279	41	459	0.25	0.6
phlag_0005-c_min16max81	1798	0	0	202	0.101	0.9900990099009901
phlag_0005-c_min16max81	1777	21	0	202	0.101	0.9900990099009901
phlag_0005-c_min16max81	1394	0	0	606	0.303	0.9900990099009901
phlag_0005-c_min16max81	1389	5	0	606	0.303	0.9900990099009901
phlag_0005-c_min16max81	1464	36	18	482	0.25	0.6
phlag_0005-c_min16max81	1263	71	164	502	0.333	0.6006006006006006
phlag_0005-c_min16max81	1426	170	0	404	0.202	0.9900990099009901
phlag_0005-c_min16max81	1269	125	0	606	0.303	0.9900990099009901
phlag_0005-c_min16max81	1500	0	10	490	0.25	0.802
phlag_0005-c_min16max81	1542	256	0	202	0.101	0.9900990099009901
phlag_0005-c_min16max81	1899	0	0	101	0.0505	0.9900990099009901
phlag_0005-c_min16max81	94	1406	484	16	0.25	0.802
phlag_0005-c_min16max81	730	765	0	505	0.2525	0.9900990099009901
phlag_0005-c_min16max81	1487	8	0	505	0.2525	0.9900990099009901
phlag_0005-c_min16max81	1101	233	127	539	0.333	0.6006006006006006
phlag_0005-c_min16max81	1362	513	2	123	0.0625	0.808
phlag_0005-c_min16max81	1899	0	0	101	0.0505	0.9900990099009901
phlag_0005-c_min16max81	1798	0	0	202	0.101	0.9900990099009901
phlag_0005-c_min16max81	130	870	793	207	0.5	0.6
phlag_0005-c_min16max81	1345	30	610	15	0.3125	0.8016
phlag_0005-c_min16max81	1464	36	15	485	0.25	0.802
phlag_0005-c_min16max81	1457	38	0	505	0.2525	0.9900990099009901
phlag_0005-c_min16max81	1846	29	0	125	0.0625	0.808
phlag_0005-c_min16max81	995	5	1	999	0.5	0.6
phlag_0005-c_min16max81	1598	301	0	101	0.0505	0.9900990099009901
phlag_0005-c_min16max81	1739	136	0	125	0.0625	0.808
phlag_0005-c_min16max81	1623	3	1	373	0.187	0.8021390374331551
phlag_0005-c_min16max81	723	772	496	9	0.2525	0.9900990099009901
phlag_0005-c_min16max81	1375	0	6	619	0.3125	0.8016
phlag_0005-c_min16max81	1468	32	4	496	0.25	0.802
phlag_0005-c_min16max81	605	895	440	60	0.25	0.802
phlag_0005-c_min16max81	1546	80	15	359	0.187	0.8021390374331551
phlag_0005-c_min16max81	1666	1	0	333	0.1665	0.6006006006006006
phlag_0005-c_min16max81	1373	2	623	2	0.3125	0.8016
phlag_0005-c_min16max81	1899	0	0	101	0.0505	0.9900990099009901
phlag_0005-c_min16max81	1764	34	0	202	0.101	0.9900990099009901
phlag_0005-c_min16max81	1209	291	55	445	0.25	0.6
phlag_0005-c_min16max81	167	1167	649	17	0.333	0.6006006006006006
phlag_0005-c_min16max81	1500	0	0	500	0.25	0.802
phlag_0005-c_min16max81	1500	0	3	497	0.25	0.802
phlag_0005-c_min16max81	1332	2	9	657	0.333	0.6006006006006006
phlag_0005-c_min16max81	1630	168	0	202	0.101	0.9900990099009901
phlag_0005-c_min16max81	19	1375	605	1	0.303	0.9900990099009901
phlag_0005-c_min16max81	1365	10	2	623	0.3125	0.8016
phlag_0005-c_min16max81	1667	83	4	246	0.125	0.804
phlag_0005-c_min16max81	940	686	58	316	0.187	0.8021390374331551
phlag_0005-c_min16max81	17	1483	460	40	0.25	0.802
phlag_0005-c_min16max81	986	14	2	998	0.5	0.6
phlag_0005-c_min16max81	1596	0	404	0	0.202	0.9900990099009901
phlag_0005-c_min16max81	1167	0	821	12	0.4165	0.6002400960384153
phlag_0005-c_min16max81	1682	15	0	303	0.1515	0.9900990099009901
phlag_0005-c_min16max81	1223	28	58	691	0.3745	0.801068090787717
phlag_0005-c_min16max81	1667	0	333	0	0.1665	0.6006006006006006
phlag_0005-c_min16max81	1250	584	5	161	0.083	0.6024096385542168
phlag_0005-c_min16max81	1295	205	87	413	0.25	0.6
phlag_0005-c_min16max81	1266	68	18	648	0.333	0.6006006006006006
phlag_0005-c_min16max81	1352	23	3	622	0.3125	0.8016
phlag_0005-c_min16max81	1585	11	0	404	0.202	0.9900990099009901
phlag_0005-c_min16max81	1390	4	0	606	0.303	0.9900990099009901
phlag_0005-c_min16max81	1251	0	1	748	0.3745	0.801068090787717
phlag_0005-c_min16max81	569	431	322	678	0.5	0.6
phlag_0005-c_min16max81	1497	3	5	495	0.25	0.6
phlag_0005-c_min16max81	1040	758	10	192	0.101	0.9900990099009901
phlag_0005-c_min16max81	98	1153	671	78	0.3745	0.801068090787717
phlag_0005-c_min16max81	1899	0	101	0	0.0505	0.9900990099009901
phlag_0005-c_min16max81	1732	18	6	244	0.125	0.804
phlag_0005-c_min16max81	1076	91	50	783	0.4165	0.6002400960384153
phlag_0005-c_min16max81	1656	11	1	332	0.1665	0.6006006006006006
phlag_0005-c_min16max81	963	412	37	588	0.3125	0.8016
phlag_0005-c_min16max81	1498	2	17	483	0.25	0.802
phlag_0005-c_min16max81	974	526	59	441	0.25	0.802
phlag_0005-c_min16max81	1750	0	0	250	0.125	0.804
phlag_0005-c_min16max81	1392	2	0	606	0.303	0.9900990099009901
phlag_0005-c_min16max81	1166	1	14	819	0.4165	0.6002400960384153
phlag_0005-c_min16max81	1875	0	2	123	0.0625	0.808
phlag_0005-c_min16max81	871	380	22	727	0.3745	0.801068090787717
phlag_0005-c_min16max81	1834	0	6	160	0.083	0.6024096385542168
phlag_0005-c_min16max81	1711	123	0	166	0.083	0.6024096385542168
phlag_0005-c_min16max81	1802	73	0	125	0.0625	0.808
phlag_0005-c_min16max81	1120	47	8	825	0.4165	0.6002400960384153
phlag_0005-c_min16max81	1898	1	0	101	0.0505	0.9900990099009901
phlag_0005-c_min16max81	89	911	643	357	0.5	0.6
phlag_0005-c_min16max81	1128	206	29	637	0.333	0.6006006006006006
phlag_0005-c_min16max81	915	585	77	423	0.25	0.6
phlag_0005-c_min16max81	1651	16	21	312	0.1665	0.6006006006006006
phlag_0005-c_min16max81	1201	549	0	250	0.125	0.804
phlag_0005-c_min16max81	1875	0	0	125	0.0625	0.808
phlag_0005-c_min16max81	1313	62	0	625	0.3125	0.8016
phlag_0005-c_min16max81	1611	56	38	295	0.1665	0.6006006006006006
phlag_0005-c_min16max81	1156	440	1	403	0.202	0.9900990099009901
phlag_0005-c_min16max81	1403	97	80	420	0.25	0.6
phlag_0005-c_min16max81	1106	644	12	238	0.125	0.804
phlag_0005-c_min16max81	1394	0	0	606	0.303	0.9900990099009901
phlag_0005-c_min16max81	1881	18	0	101	0.0505	0.9900990099009901
phlag_0005-c_min16max81	1485	10	0	505	0.2525	0.9900990099009901
phlag_0005-c_min16max81	1408	491	0	101	0.0505	0.9900990099009901
phlag_0005-c_min16max81	1789	110	0	101	0.0505	0.9900990099009901
phlag_0005-c_min16max81	1357	518	5	120	0.0625	0.808
phlag_0005-c_min16max81	1781	17	0	202	0.101	0.9900990099009901
phlag_0005-c_min16max81	1334	0	143	523	0.333	0.6006006006006006
phlag_0005-c_min16max81	1116	51	47	786	0.4165	0.6002400960384153
phlag_0005-c_min16max81	1653	14	16	317	0.1665	0.6006006006006006
phlag_0005-c_min16max81	1383	492	0	125	0.0625	0.808
phlag_0005-c_min16max81	1626	0	0	374	0.187	0.8021390374331551
phlag_0005-c_min16max81	0	1500	0	500	0.25	0.6
phlag_0005-c_min16max81	1180	446	4	370	0.187	0.8021390374331551
phlag_0005-c_min16max81	1834	0	166	0	0.083	0.6024096385542168
phlag_0005-c_min16max81	1146	688	68	98	0.083	0.6024096385542168
phlag_0005-c_min16max81	1499	1	0	500	0.25	0.802
phlag_0005-c_min16max81	962	38	27	973	0.5	0.6
phlag_0005-c_min16max81	1500	0	452	48	0.25	0.802
phlag_0005-c_min16max81	1723	75	0	202	0.101	0.9900990099009901
phlag_0005-c_min16max81	1259	640	1	100	0.0505	0.9900990099009901
phlag_0005-c_min16max81	1501	196	0	303	0.1515	0.9900990099009901
phlag_0005-c_min16max81	1375	0	133	492	0.3125	0.8016
phlag_0005-c_min16max81	1358	142	12	488	0.25	0.6
phlag_0005-c_min16max81	1094	704	2	200	0.101	0.9900990099009901
phlag_0005-c_min16max81	1750	0	0	250	0.125	0.804
phlag_0005-c_min16max81	1000	0	48	952	0.5	0.6
phlag_0005-c_min16max81	1251	0	746	3	0.3745	0.801068090787717
phlag_0005-c_min16max81	1251	0	3	746	0.3745	0.801068090787717
phlag_0005-c_min16max81	1349	318	40	293	0.1665	0.6006006006006006
phlag_0005-c_min16max81	1833	1	165	1	0.083	0.6024096385542168
phlag_0005-c_min16max81	1129	38	276	557	0.4165	0.6002400960384153
phlag_0005-c_min16max81	34	1360	606	0	0.303	0.9900990099009901
phlag_0005-c_min16max81	1596	0	0	404	0.202	0.9900990099009901
phlag_0005-c_min16max81	1355	20	621	4	0.3125	0.8016
phlag_0005-c_min16max81	1500	0	499	1	0.25	0.6
phlag_0005-c_min16max81	1218	33	5	744	0.3745	0.801068090787717
phlag_0005-c_min16max81	1794	4	0	202	0.101	0.9900990099009901
phlag_0005-c_min16max81	1327	269	0	404	0.202	0.9900990099009901
phlag_0005-c_min16max81	1820	55	3	122	0.0625	0.808
phlag_0005-c_min16max81	1475	20	0	505	0.2525	0.9900990099009901
phlag_0005-c_min16max81	1558	276	4	162	0.083	0.6024096385542168
phlag_0005-c_min16max81	1526	100	6	368	0.187	0.8021390374331551
phlag_0005-c_min16max81	1725	25	0	250	0.125	0.804
phlag_0005-c_min16max81	1068	432	15	485	0.25	0.802
phlag_0005-c_min16max81	1608	18	0	374	0.187	0.8021390374331551
phlag_0005-c_min16max81	1139	28	252	581	0.4165	0.6002400960384153
phlag_0005-c_min16max81	1462	38	414	86	0.25	0.6
phlag_0005-c_min16max81	1251	0	6	743	0.3745	0.801068090787717
phlag_0005-c_min16max81	1309	25	59	607	0.333	0.6006006006006006
phlag_0005-c_min16max81	1872	3	0	125	0.0625	0.808
phlag_0005-c_min16max81	1209	291	97	403	0.25	0.6
phlag_0005-c_min16max81	1586	40	0	374	0.187	0.8021390374331551
phlag_0005-c_min16max81	1626	0	0	374	0.187	0.8021390374331551
phlag_0005-c_min16max81	1391	3	0	606	0.303	0.9900990099009901
phlag_0005-c_min16max81	1153	98	43	706	0.3745	0.801068090787717
phlag_0005-c_min16max81	1477	18	0	505	0.2525	0.9900990099009901
phlag_0005-c_min16max81	923	77	198	802	0.5	0.6
phlag_0005-c_min16max81	1798	0	202	0	0.101	0.9900990099009901
phlag_0005-c_min16max81	768	232	116	884	0.5	0.6
phlag_0005-c_min16max81	1495	0	2	503	0.2525	0.9900990099009901
phlag_0005-c_min16max81	1240	558	5	197	0.101	0.9900990099009901
phlag_0005-c_min16max81	8	1367	546	79	0.3125	0.8016
phlag_0005-c_min16max81	1024	370	0	606	0.303	0.9900990099009901
phlag_0005-c_min16max81	1284	591	26	99	0.0625	0.808
phlag_0005-c_min16max81	1667	0	333	0	0.1665	0.6006006006006006
phlag_0005-c_min16max81	875	625	85	415	0.25	0.802
phlag_0005-c_min16max81	1633	165	0	202	0.101	0.9900990099009901
phlag_0005-c_min16max81	1147	20	0	833	0.4165	0.6002400960384153
phlag_0005-c_min16max81	1251	0	3	746	0.3745	0.801068090787717
phlag_0005-c_min16max81	1334	0	666	0	0.333	0.6006006006006006
phlag_0005-c_min16max81	1245	6	6	743	0.3745	0.801068090787717
phlag_0005-c_min16max81	1362	13	27	598	0.3125	0.8016
phlag_0005-c_min16max81	870	130	224	776	0.5	0.6
phlag_0005-c_min16max81	1493	7	8	492	0.25	0.802
phlag_0005-c_min16max81	1690	60	0	250	0.125	0.804
phlag_0005-c_min16max81	1869	6	3	122	0.0625	0.808
phlag_0005-c_min16max81	1394	0	0	606	0.303	0.9900990099009901
phlag_0005-c_min16max81	1596	0	0	404	0.202	0.9900990099009901
phlag_0005-c_min16max81	1624	2	0	374	0.187	0.8021390374331551
phlag_0005-c_min16max81	1496	4	0	500	0.25	0.802
phlag_0005-c_min16max81	1626	0	0	374	0.187	0.8021390374331551
phlag_0005-c_min16max81	1283	51	24	642	0.333	0.6006006006006006
phlag_0005-c_min16max81	1798	0	0	202	0.101	0.9900990099009901
phlag_0005-c_min16max81	1488	7	0	505	0.2525	0.9900990099009901
phlag_0005-c_min16max81	1331	503	52	114	0.083	0.6024096385542168
phlag_0005-c_min16max81	1834	0	162	4	0.083	0.6024096385542168
phlag_0005-c_min16max81	916	251	145	688	0.4165	0.6002400960384153
phlag_0005-c_min16max81	1119	48	27	806	0.4165	0.6002400960384153
phlag_0005-c_min16max81	1667	0	333	0	0.1665	0.6006006006006006
phlag_0005-c_min16max81	1640	27	3	330	0.1665	0.6006006006006006
phlag_0005-c_min16max81	1564	133	0	303	0.1515	0.9900990099009901
phlag_0005-c_min16max81	1430	65	0	505	0.2525	0.9900990099009901
phlag_0005-c_min16max81	1789	9	0	202	0.101	0.9900990099009901
phlag_0005-c_min16max81	1494	1	0	505	0.2525	0.9900990099009901
phlag_0005-c_min16max81	1327	7	130	536	0.333	0.6006006006006006
phlag_0005-c_min16max81	1839	60	0	101	0.0505	0.9900990099009901
phlag_0005-c_min16max81	1443	57	4	496	0.25	0.802
phlag_0005-c_min16max81	1154	221	7	618	0.3125	0.8016
phlag_0005-c_min16max81	790	604	1	605	0.303	0.9900990099009901
phlag_0005-c_min16max81	1500	0	497	3	0.25	0.802
phlag_0005-c_min16max81	205	1129	406	260	0.333	0.6006006006006006
phlag_0005-c_min16max81	1194	503	1	302	0.1515	0.9900990099009901
phlag_0005-c_min16max81	1434	66	44	456	0.25	0.802
phlag_0005-c_min16max81	950	717	178	155	0.1665	0.6006006006006006
phlag_0005-c_min16max81	975	25	75	925	0.5	0.6
phlag_0005-c_min16max81	1000	0	997	3	0.5	0.6
phlag_0005-c_min16max81	1652	45	0	303	0.1515	0.9900990099009901
phlag_0005-c_min16max81	949	51	22	978	0.5	0.6
phlag_0005-c_min16max81	1251	0	14	735	0.3745	0.801068090787717
phlag_0005-c_min16max81	1875	0	0	125	0.0625	0.808
phlag_0005-c_min16max81	1593	33	2	372	0.187	0.8021390374331551
phlag_0005-c_min16max81	1167	0	41	792	0.4165	0.6002400960384153
phlag_0005-c_min16max81	1205	170	13	612	0.3125	0.8016
phlag_0005-c_min16max81	1743	7	1	249	0.125	0.804
phlag_0005-c_min16max81	1740	10	0	250	0.125	0.804
phlag_0005-c_min16max81	1394	0	0	606	0.303	0.9900990099009901
phlag_0005-c_min16max81	1333	1	78	588	0.333	0.6006006006006006
phlag_0005-c_min16max81	1337	163	47	453	0.25	0.6
phlag_0005-c_min16max81	1132	35	114	719	0.4165	0.6002400960384153
phlag_0005-c_min16max81	1394	0	1	605	0.303	0.9900990099009901
phlag_0005-c_min16max81	1622	4	0	374	0.187	0.8021390374331551
phlag_0005-c_min16max81	1767	108	2	123	0.0625	0.808
phlag_0005-c_min16max81	1011	739	140	110	0.125	0.804
phlag_0005-c_min16max81	1132	35	42	791	0.4165	0.6002400960384153
phlag_0005-c_min16max81	1500	0	9	491	0.25	0.802
phlag_0005-c_min16max81	415	585	167	833	0.5	0.6
phlag_0005-c_min16max81	1596	0	6	398	0.202	0.9900990099009901
phlag_0005-c_min16max81	1367	8	10	615	0.3125	0.8016
phlag_0005-c_min16max81	1500	0	0	500	0.25	0.802
phlag_0005-c_min16max81	1167	0	14	819	0.4165	0.6002400960384153
phlag_0005-c_min16max81	1595	1	0	404	0.202	0.9900990099009901
phlag_0005-c_min16max81	1132	368	8	492	0.25	0.802
phlag_0005-c_min16max81	1251	0	749	0	0.3745	0.801068090787717
phlag_0005-c_min16max81	75	1551	367	7	0.187	0.8021390374331551
phlag_0005-c_min16max81	1497	3	7	493	0.25	0.802
phlag_0005-c_min16max81	1697	0	0	303	0.1515	0.9900990099009901
phlag_0005-c_min16max81	1746	4	1	249	0.125	0.804
phlag_0005-c_min16max81	1581	45	15	359	0.187	0.8021390374331551
phlag_0005-c_min16max81	1000	0	170	830	0.5	0.6
phlag_0005-c_min16max81	1405	345	36	214	0.125	0.804
phlag_0005-c_min16max81	1602	24	4	370	0.187	0.8021390374331551
phlag_0005-c_min16max81	1251	0	4	745	0.3745	0.801068090787717
phlag_0005-c_min16max81	703	548	148	601	0.3745	0.801068090787717
phlag_0005-c_min16max81	1880	19	0	101	0.0505	0.9900990099009901
phlag_0005-c_min16max81	458	1168	305	69	0.187	0.8021390374331551
phlag_0005-c_min16max81	1834	0	166	0	0.083	0.6024096385542168
phlag_0005-c_min16max81	1500	0	0	500	0.25	0.802
phlag_0005-c_min16max81	897	437	77	589	0.333	0.6006006006006006
phlag_0005-c_min16max81	1587	312	0	101	0.0505	0.9900990099009901
phlag_0005-c_min16max81	1375	0	623	2	0.3125	0.8016
phlag_0005-c_min16max81	1797	1	0	202	0.101	0.9900990099009901
phlag_0005-c_min16max81	1000	0	34	966	0.5	0.6
phlag_0005-c_min16max81	1619	7	0	374	0.187	0.8021390374331551
phlag_0005-c_min16max81	1392	507	0	101	0.0505	0.9900990099009901
phlag_0005-c_min16max81	1235	16	6	743	0.3745	0.801068090787717
phlag_0005-c_min16max81	1750	0	250	0	0.125	0.804
phlag_0005-c_min16max81	1438	57	0	505	0.2525	0.9900990099009901
phlag_0005-c_min16max81	1164	3	797	36	0.4165	0.6002400960384153
phlag_0005-c_min16max81	1251	0	0	749	0.3745	0.801068090787717
phlag_0005-c_min16max81	983	17	48	952	0.5	0.6
phlag_0005-c_min16max81	1399	227	41	333	0.187	0.8021390374331551
phlag_0005-c_min16max81	1568	28	0	404	0.202	0.9900990099009901
phlag_0005-c_min16max81	1375	0	20	605	0.3125	0.8016
phlag_0005-c_min16max81	4	1247	608	141	0.3745	0.801068090787717
phlag_0005-c_min16max81	1804	95	0	101	0.0505	0.9900990099009901
phlag_0005-c_min16max81	486	848	511	155	0.333	0.6006006006006006
phlag_0005-c_min16max81	1334	0	41	625	0.333	0.6006006006006006
phlag_0005-c_min16max81	1874	1	125	0	0.0625	0.808
phlag_0005-c_min16max81	1397	103	7	493	0.25	0.6
phlag_0005-c_min16max81	1834	0	166	0	0.083	0.6024096385542168
phlag_0005-c_min16max81	1315	19	36	630	0.333	0.6006006006006006
phlag_0005-c_min16max81	1832	2	0	166	0.083	0.6024096385542168
phlag_0005-c_min16max81	1061	689	47	203	0.125	0.804
phlag_0005-c_min16max81	1720	30	1	249	0.125	0.804
phlag_0005-c_min16max81	1562	236	0	202	0.101	0.9900990099009901
phlag_0005-c_min16max81	1740	58	0	202	0.101	0.9900990099009901
phlag_0005-c_min16max81	1490	5	0	505	0.2525	0.9900990099009901
phlag_0005-c_min16max81	1444	56	15	485	0.25	0.802
phlag_0005-c_min16max81	1696	1	1	302	0.1515	0.9900990099009901
phlag_0005-c_min16max81	1565	102	13	320	0.1665	0.6006006006006006
phlag_0005-c_min16max81	1372	3	4	621	0.3125	0.8016
phlag_0005-c_min16max81	289	1307	404	0	0.202	0.9900990099009901
phlag_0005-c_min16max81	1474	21	1	504	0.2525	0.9900990099009901
phlag_0005-c_min16max81	1899	0	0	101	0.0505	0.9900990099009901
phlag_0005-c_min16max81	1166	1	0	833	0.4165	0.6002400960384153
phlag_0005-c_min16max81	1359	308	31	302	0.1665	0.6006006006006006
phlag_0005-c_min16max81	1277	223	490	10	0.25	0.802
phlag_0005-c_min16max81	1781	53	17	149	0.083	0.6024096385542168
phlag_0005-c_min16max81	44	1552	402	2	0.202	0.9900990099009901
phlag_0005-c_min16max81	1798	0	0	202	0.101	0.9900990099009901
phlag_0005-c_min16max81	1375	0	2	623	0.3125	0.8016
phlag_0005-c_min16max81	812	355	427	406	0.4165	0.6002400960384153
phlag_0005-c_min16max81	1254	80	36	630	0.333	0.6006006006006006
phlag_0005-c_min16max81	1570	26	2	402	0.202	0.9900990099009901
phlag_0005-c_min16max81	1118	49	106	727	0.4165	0.6002400960384153
phlag_0005-c_min16max81	1487	8	4	501	0.2525	0.9900990099009901
phlag_0005-c_min16max81	1394	0	0	606	0.303	0.9900990099009901
phlag_0005-c_min16max81	1476	19	0	505	0.2525	0.9900990099009901
phlag_0005-c_min16max81	1750	0	0	250	0.125	0.804
phlag_0005-c_min16max81	1394	0	0	606	0.303	0.9900990099009901
phlag_0005-c_min16max81	1497	3	11	489	0.25	0.6
phlag_0005-c_min16max81	1495	0	0	505	0.2525	0.9900990099009901
phlag_0005-c_min16max81	1596	0	402	2	0.202	0.9900990099009901
phlag_0005-c_min16max81	1240	154	0	606	0.303	0.9900990099009901
phlag_0005-c_min16max81	1324	51	15	610	0.3125	0.8016
phlag_0005-c_min16max81	1857	18	0	125	0.0625	0.808
phlag_0005-c_min16max81	495	1000	501	4	0.2525	0.9900990099009901
phlag_0005-c_min16max81	1708	42	1	249	0.125	0.804
phlag_0005-c_min16max81	1834	0	166	0	0.083	0.6024096385542168
phlag_0005-c_min16max81	1167	0	0	833	0.4165	0.6002400960384153
phlag_0005-c_min16max81	1596	0	400	4	0.202	0.9900990099009901
phlag_0005-c_min16max81	1153	14	21	812	0.4165	0.6002400960384153
phlag_0005-c_min16max81	336	664	719	281	0.5	0.6
phlag_0005-c_min16max81	1375	0	9	616	0.3125	0.8016
phlag_0005-c_min16max81	1384	116	17	483	0.25	0.802
phlag_0005-c_min16max81	923	77	375	625	0.5	0.6
phlag_0005-c_min16max81	1584	12	0	404	0.202	0.9900990099009901
phlag_0005-c_min16max81	1613	13	3	371	0.187	0.8021390374331551
phlag_0005-c_min16max81	1834	0	3	163	0.083	0.6024096385542168
phlag_0005-c_min16max81	1167	0	833	0	0.4165	0.6002400960384153
phlag_0005-c_min16max81	1347	148	4	501	0.2525	0.9900990099009901
phlag_0005-c_min16max81	1000	0	999	1	0.5	0.6
phlag_0005-c_min16max81	1500	0	500	0	0.25	0.6
phlag_0005-c_min16max81	1567	100	25	308	0.1665	0.6006006006006006
phlag_0005-c_min16max81	1495	5	8	492	0.25	0.6
phlag_0005-c_min16max81	1335	40	135	490	0.3125	0.8016
phlag_0005-c_min16max81	990	10	25	975	0.5	0.6
phlag_0005-c_min16max81	1009	658	93	240	0.1665	0.6006006006006006
phlag_0005-c_min16max81	1393	102	454	51	0.2525	0.9900990099009901
phlag_0005-c_min16max81	1530	96	5	369	0.187	0.8021390374331551
phlag_0005-c_min16max81	1691	143	11	155	0.083	0.6024096385542168
phlag_0005-c_min16max81	1868	7	0	125	0.0625	0.808
phlag_0005-c_min16max81	1666	1	10	323	0.1665	0.6006006006006006
phlag_0005-c_min16max81	1172	203	29	596	0.3125	0.8016
phlag_0005-c_min16max81	1528	347	4	121	0.0625	0.808
phlag_0005-c_min16max81	1500	0	97	403	0.25	0.6
phlag_0005-c_min16max81	1372	3	12	613	0.3125	0.8016
phlag_0005-c_min16max81	1084	542	33	341	0.187	0.8021390374331551
phlag_0005-c_min16max81	1291	584	11	114	0.0625	0.808
phlag_0005-c_min16max81	1492	3	0	505	0.2525	0.9900990099009901
phlag_0005-c_min16max81	1375	0	0	625	0.3125	0.8016
phlag_0005-c_min16max81	1495	0	505	0	0.2525	0.9900990099009901
phlag_0005-c_min16max81	1659	240	0	101	0.0505	0.9900990099009901
phlag_0005-c_min16max81	1510	86	0	404	0.202	0.9900990099009901
phlag_0005-c_min16max81	1569	265	8	158	0.083	0.6024096385542168
phlag_0005-c_min16max81	1331	3	10	656	0.333	0.6006006006006006
phlag_0005-c_min16max81	1722	112	0	166	0.083	0.6024096385542168
phlag_0005-c_min16max81	1298	202	31	469	0.25	0.802
phlag_0005-c_min16max81	1629	205	9	157	0.083	0.6024096385542168
phlag_0005-c_min16max81	1654	96	10	240	0.125	0.804
phlag_0005-c_min16max81	1105	146	5	744	0.3745	0.801068090787717
phlag_0005-c_min16max81	1477	190	3	330	0.1665	0.6006006006006006
phlag_0005-c_min16max81	1626	0	0	374	0.187	0.8021390374331551
phlag_0005-c_min16max81	1459	41	12	488	0.25	0.6
phlag_0005-c_min16max81	1500	0	1	499	0.25	0.6
phlag_0005-c_min16max81	1217	581	23	179	0.101	0.9900990099009901
phlag_0005-c_min16max81	1334	0	0	666	0.333	0.6006006006006006
phlag_0005-c_min16max81	1578	18	4	400	0.202	0.9900990099009901
phlag_0005-c_min16max81	1245	6	0	749	0.3745	0.801068090787717
phlag_0005-c_min16max81	1596	0	0	404	0.202	0.9900990099009901
phlag_0005-c_min16max81	1495	0	495	10	0.2525	0.9900990099009901
phlag_0005-c_min16max81	1750	0	1	249	0.125	0.804
phlag_0005-c_min16max81	1496	4	0	500	0.25	0.6
phlag_0005-c_min16max81	1334	0	666	0	0.333	0.6006006006006006
phlag_0005-c_min16max81	1226	269	0	505	0.2525	0.9900990099009901
phlag_0005-c_min16max81	1495	0	0	505	0.2525	0.9900990099009901
phlag_0005-c_min16max81	1899	0	101	0	0.0505	0.9900990099009901
phlag_0005-c_min16max81	1064	187	150	599	0.3745	0.801068090787717
phlag_0005-c_min16max81	861	473	120	546	0.333	0.6006006006006006
phlag_0005-c_min16max81	914	86	10	990	0.5	0.6
phlag_0005-c_min16max81	1414	253	19	314	0.1665	0.6006006006006006
phlag_0005-c_min16max81	1249	2	1	748	0.3745	0.801068090787717
phlag_0005-c_min16max81	987	13	135	865	0.5	0.6
phlag_0005-c_min16max81	1676	21	0	303	0.1515	0.9900990099009901
phlag_0005-c_min16max81	208	1167	582	43	0.3125	0.8016
phlag_0005-c_min16max81	1667	0	7	326	0.1665	0.6006006006006006
phlag_0005-c_min16max81	1375	0	0	625	0.3125	0.8016
phlag_0005-c_min16max81	1480	270	0	250	0.125	0.804
phlag_0005-c_min16max81	1673	202	0	125	0.0625	0.808
phlag_0005-c_min16max81	1365	10	5	620	0.3125	0.8016
phlag_0005-c_min16max81	1617	9	4	370	0.187	0.8021390374331551
phlag_0005-c_min16max81	1570	180	5	245	0.125	0.804
phlag_0005-c_min16max81	1875	0	17	108	0.0625	0.808
phlag_0005-c_min16max81	1500	0	500	0	0.25	0.6
phlag_0005-c_min16max81	1482	185	17	316	0.1665	0.6006006006006006
phlag_0005-c_min16max81	1622	45	11	322	0.1665	0.6006006006006006
phlag_0005-c_min16max81	1875	0	122	3	0.0625	0.808
phlag_0005-c_min16max81	1490	10	306	194	0.25	0.6
phlag_0005-c_min16max81	123	1377	448	52	0.25	0.6
phlag_0005-c_min16max81	1679	155	7	159	0.083	0.6024096385542168
phlag_0005-c_min16max81	781	553	277	389	0.333	0.6006006006006006
phlag_0005-c_min16max81	1899	0	98	3	0.0505	0.9900990099009901
phlag_0005-c_min16max81	1782	16	0	202	0.101	0.9900990099009901
phlag_0005-c_min16max81	1798	0	1	201	0.101	0.9900990099009901
phlag_0005-c_min16max81	1390	4	1	605	0.303	0.9900990099009901
phlag_0005-c_min16max81	1596	154	12	238	0.125	0.804
phlag_0005-c_min16max81	1494	1	0	505	0.2525	0.9900990099009901
phlag_0005-c_min16max81	302	698	866	134	0.5	0.6
phlag_0005-c_min16max81	1480	20	10	490	0.25	0.802
phlag_0005-c_min16max81	1444	253	146	157	0.1515	0.9900990099009901
phlag_0005-c_min16max81	917	679	53	351	0.202	0.9900990099009901
phlag_0005-c_min16max81	1167	0	133	700	0.4165	0.6002400960384153
phlag_0005-c_min16max81	57	1110	586	247	0.4165	0.6002400960384153
phlag_0005-c_min16max81	1241	456	0	303	0.1515	0.9900990099009901
phlag_0005-c_min16max81	1332	2	65	601	0.333	0.6006006006006006
phlag_0005-c_min16max81	1711	39	0	250	0.125	0.804
phlag_0005-c_min16max81	1159	8	407	426	0.4165	0.6002400960384153
phlag_0005-c_min16max81	1032	564	7	397	0.202	0.9900990099009901
phlag_0005-c_min16max81	1384	10	0	606	0.303	0.9900990099009901
phlag_0005-c_min16max81	1869	6	0	125	0.0625	0.808
phlag_0005-c_min16max81	1181	70	66	683	0.3745	0.801068090787717
phlag_0005-c_min16max81	1588	8	0	404	0.202	0.9900990099009901
phlag_0005-c_min16max81	1684	66	3	247	0.125	0.804
phlag_0005-c_min16max81	1797	1	0	202	0.101	0.9900990099009901
phlag_0005-c_min16max81	1899	0	0	101	0.0505	0.9900990099009901
phlag_0005-c_min16max81	932	402	358	308	0.333	0.6006006006006006
phlag_0005-c_min16max81	1334	0	1	665	0.333	0.6006006006006006
phlag_0005-c_min16max81	1121	546	154	179	0.1665	0.6006006006006006
phlag_0005-c_min16max81	1576	20	0	404	0.202	0.9900990099009901
phlag_0005-c_min16max81	1183	68	744	5	0.3745	0.801068090787717
phlag_0005-c_min16max81	1394	0	0	606	0.303	0.9900990099009901
phlag_0005-c_min16max81	1316	184	7	493	0.25	0.802
phlag_0005-c_min16max81	1624	2	0	374	0.187	0.8021390374331551
phlag_0005-c_min16max81	1000	0	9	991	0.5	0.6
phlag_0005-c_min16max81	1177	74	20	729	0.3745	0.801068090787717
phlag_0005-c_min16max81	1384	450	17	149	0.083	0.6024096385542168
phlag_0005-c_min16max81	1798	0	202	0	0.101	0.9900990099009901
phlag_0005-c_min16max81	1697	0	1	302	0.1515	0.9900990099009901
phlag_0005-c_min16max81	1167	0	230	603	0.4165	0.6002400960384153
phlag_0005-c_min16max81	1583	292	0	125	0.0625	0.808
phlag_0005-c_min16max81	983	392	25	600	0.3125	0.8016
phlag_0005-c_min16max81	1663	34	0	303	0.1515	0.9900990099009901
phlag_0005-c_min16max81	773	602	99	526	0.3125	0.8016
phlag_0005-c_min16max81	1494	1	0	505	0.2525	0.9900990099009901
phlag_0005-c_min16max81	1331	366	0	303	0.1515	0.9900990099009901
phlag_0005-c_min16max81	1697	0	2	301	0.1515	0.9900990099009901
phlag_0005-c_min16max81	1495	0	0	505	0.2525	0.9900990099009901
phlag_0005-c_min16max81	1792	83	0	125	0.0625	0.808
phlag_0005-c_min16max81	921	413	186	480	0.333	0.6006006006006006
phlag_0005-c_min16max81	1251	0	10	739	0.3745	0.801068090787717
phlag_0005-c_min16max81	1596	0	404	0	0.202	0.9900990099009901
phlag_0005-c_min16max81	1022	877	6	95	0.0505	0.9900990099009901
phlag_0005-c_min16max81	1834	0	166	0	0.083	0.6024096385542168
phlag_0005-c_min16max81	1704	46	4	246	0.125	0.804
phlag_0005-c_min16max81	785	382	140	693	0.4165	0.6002400960384153
phlag_0005-c_min16max81	1667	0	0	333	0.1665	0.6006006006006006
phlag_0005-c_min16max81	1899	0	0	101	0.0505	0.9900990099009901
phlag_0005-c_min16max81	1697	0	0	303	0.1515	0.9900990099009901
phlag_0005-c_min16max81	982	18	363	637	0.5	0.6
phlag_0005-c_min16max81	1492	134	17	357	0.187	0.8021390374331551
phlag_0005-c_min16max81	1499	1	8	492	0.25	0.802
phlag_0005-c_min16max81	1076	318	0	606	0.303	0.9900990099009901
phlag_0005-c_min16max81	1110	516	116	258	0.187	0.8021390374331551
phlag_0005-c_min16max81	1435	60	0	505	0.2525	0.9900990099009901
phlag_0005-c_min16max81	1834	0	166	0	0.083	0.6024096385542168
phlag_0005-c_min16max81	907	487	4	602	0.303	0.9900990099009901
phlag_0005-c_min16max81	82	918	0	1000	0.5	0.6
phlag_0005-c_min16max81	1875	0	125	0	0.0625	0.808
phlag_0005-c_min16max81	1167	0	833	0	0.4165	0.6002400960384153
phlag_0005-c_min16max81	1241	10	15	734	0.3745	0.801068090787717
phlag_0005-c_min16max81	1422	245	19	314	0.1665	0.6006006006006006
phlag_0005-c_min16max81	1090	607	12	291	0.1515	0.9900990099009901
phlag_0005-c_min16max81	1844	31	125	0	0.0625	0.808
phlag_0005-c_min16max81	1394	0	0	606	0.303	0.9900990099009901
phlag_0005-c_min16max81	1334	0	2	664	0.333	0.6006006006006006
phlag_0005-c_min16max81	0	1750	250	0	0.125	0.804
phlag_0005-c_min16max81	1626	0	0	374	0.187	0.8021390374331551
phlag_0005-c_min16max81	1643	54	0	303	0.1515	0.9900990099009901
phlag_0005-c_min16max81	1167	0	374	459	0.4165	0.6002400960384153
phlag_0005-c_min16max81	1371	23	0	606	0.303	0.9900990099009901
phlag_0005-c_min16max81	1390	4	0	606	0.303	0.9900990099009901
phlag_0005-c_min16max81	1322	72	0	606	0.303	0.9900990099009901
phlag_0005-c_min16max81	1664	3	321	12	0.1665	0.6006006006006006
phlag_0005-c_min16max81	1801	74	3	122	0.0625	0.808
phlag_0005-c_min16max81	72	1524	404	0	0.202	0.9900990099009901
phlag_0005-c_min16max81	1476	24	3	497	0.25	0.802
phlag_0005-c_min16max81	1333	1	12	654	0.333	0.6006006006006006
phlag_0005-c_min16max81	1328	6	62	604	0.333	0.6006006006006006
phlag_0005-c_min16max81	1111	56	191	642	0.4165	0.6002400960384153
phlag_0005-c_min16max81	1500	0	500	0	0.25	0.6
phlag_0005-c_min16max81	1443	57	7	493	0.25	0.6
phlag_0005-c_min16max81	876	124	110	890	0.5	0.6
phlag_0005-c_min16max81	1697	0	303	0	0.1515	0.9900990099009901
phlag_0005-c_min16max81	1725	109	9	157	0.083	0.6024096385542168
phlag_0005-c_min16max81	0	1495	505	0	0.2525	0.9900990099009901
phlag_0005-c_min16max81	1826	49	1	124	0.0625	0.808
phlag_0005-c_min16max81	1022	229	197	552	0.3745	0.801068090787717
phlag_0005-c_min16max81	1693	57	1	249	0.125	0.804
phlag_0005-c_min16max81	1491	135	0	374	0.187	0.8021390374331551
phlag_0005-c_min16max81	1500	0	500	0	0.25	0.802
phlag_0005-c_min16max81	1890	9	0	101	0.0505	0.9900990099009901
phlag_0005-c_min16max81	1589	7	0	404	0.202	0.9900990099009901
phlag_0005-c_min16max81	1571	179	3	247	0.125	0.804
phlag_0005-c_min16max81	1790	44	4	162	0.083	0.6024096385542168
phlag_0005-c_min16max81	1390	444	26	140	0.083	0.6024096385542168
phlag_0005-c_min16max81	1660	37	0	303	0.1515	0.9900990099009901
phlag_0005-c_min16max81	59	1192	685	64	0.3745	0.801068090787717
phlag_0005-c_min16max81	1139	736	12	113	0.0625	0.808
phlag_0005-c_min16max81	1754	44	1	201	0.101	0.9900990099009901
phlag_0005-c_min16max81	1019	148	134	699	0.4165	0.6002400960384153
phlag_0005-c_min16max81	1747	51	0	202	0.101	0.9900990099009901
phlag_0005-c_min16max81	1692	5	0	303	0.1515	0.9900990099009901
phlag_0005-c_min16max81	1661	6	0	333	0.1665	0.6006006006006006
phlag_0005-c_min16max81	1062	438	104	396	0.25	0.6
phlag_0005-c_min16max81	1600	26	0	374	0.187	0.8021390374331551
phlag_0005-c_min16max81	1667	0	333	0	0.1665	0.6006006006006006
phlag_0005-c_min16max81	1233	18	22	727	0.3745	0.801068090787717
phlag_0005-c_min16max81	1629	121	0	250	0.125	0.804
phlag_0005-c_min16max81	1685	12	0	303	0.1515	0.9900990099009901
phlag_0005-c_min16max81	1816	83	0	101	0.0505	0.9900990099009901
phlag_0005-c_min16max81	1334	0	2	664	0.333	0.6006006006006006
phlag_0005-c_min16max81	1037	559	0	404	0.202	0.9900990099009901
phlag_0005-c_min16max81	95	1280	588	37	0.3125	0.8016
phlag_0005-c_min16max81	1594	2	1	403	0.202	0.9900990099009901
phlag_0005-c_min16max81	1372	3	0	625	0.3125	0.8016
phlag_0005-c_min16max81	963	532	1	504	0.2525	0.9900990099009901
phlag_0005-c_min16max81	1773	102	0	125	0.0625	0.808
phlag_0005-c_min16max81	976	24	100	900	0.5	0.6
phlag_0005-c_min16max81	1517	382	0	101	0.0505	0.9900990099009901
phlag_0005-c_min16max81	1255	579	35	131	0.083	0.6024096385542168
phlag_0005-c_min16max81	1798	0	63	139	0.101	0.9900990099009901
phlag_0005-c_min16max81	1498	2	18	482	0.25	0.6
phlag_0005-c_min16max81	1697	0	3	300	0.1515	0.9900990099009901
phlag_0005-c_min16max81	1418	82	21	479	0.25	0.802
phlag_0005-c_min16max81	1734	141	0	125	0.0625	0.808
phlag_0005-c_min16max81	1251	0	3	746	0.3745	0.801068090787717
phlag_0005-c_min16max81	1485	212	0	303	0.1515	0.9900990099009901
phlag_0005-c_min16max81	1163	4	117	716	0.4165	0.6002400960384153
phlag_0005-c_min16max81	1798	0	0	202	0.101	0.9900990099009901
phlag_0005-c_min16max81	1000	0	2	998	0.5	0.6
phlag_0005-c_min16max81	1707	192	0	101	0.0505	0.9900990099009901
phlag_0005-c_min16max81	1455	171	14	360	0.187	0.8021390374331551
phlag_0005-c_min16max81	947	220	35	798	0.4165	0.6002400960384153
phlag_0005-c_min16max81	1158	676	15	151	0.083	0.6024096385542168
phlag_0005-c_min16max81	1070	97	9	824	0.4165	0.6002400960384153
phlag_0005-c_min16max81	1512	114	10	364	0.187	0.8021390374331551
phlag_0005-c_min16max81	1697	0	0	303	0.1515	0.9900990099009901
phlag_0005-c_min16max81	1389	237	21	353	0.187	0.8021390374331551
phlag_0005-c_min16max81	1498	169	0	333	0.1665	0.6006006006006006
phlag_0005-c_min16max81	1575	259	13	153	0.083	0.6024096385542168
phlag_0005-c_min16max81	47	1347	606	0	0.303	0.9900990099009901
phlag_0005-c_min16max81	1505	245	10	240	0.125	0.804
phlag_0005-c_min16max81	1243	383	2	372	0.187	0.8021390374331551
phlag_0005-c_min16max81	245	1255	463	37	0.25	0.802
phlag_0005-c_min16max81	1000	0	13	987	0.5	0.6
phlag_0005-c_min16max81	975	25	151	849	0.5	0.6
phlag_0005-c_min16max81	1240	11	11	738	0.3745	0.801068090787717
phlag_0005-c_min16max81	1394	0	6	600	0.303	0.9900990099009901
phlag_0005-c_min16max81	487	764	623	126	0.3745	0.801068090787717
phlag_0005-c_min16max81	1371	23	0	606	0.303	0.9900990099009901
phlag_0005-c_min16max81	1680	17	1	302	0.1515	0.9900990099009901
phlag_0005-c_min16max81	1423	173	0	404	0.202	0.9900990099009901
phlag_0005-c_min16max81	1623	3	0	374	0.187	0.8021390374331551
phlag_0005-c_min16max81	1636	198	0	166	0.083	0.6024096385542168
phlag_0005-c_min16max81	1632	267	0	101	0.0505	0.9900990099009901
phlag_0005-c_min16max81	1856	43	0	101	0.0505	0.9900990099009901
phlag_0005-c_min16max81	1167	0	833	0	0.4165	0.6002400960384153
phlag_0005-c_min16max81	1237	138	363	262	0.3125	0.8016
phlag_0005-c_min16max81	1311	83	2	604	0.303	0.9900990099009901
phlag_0005-c_min16max81	1499	198	0	303	0.1515	0.9900990099009901
phlag_0005-c_min16max81	1298	36	35	631	0.333	0.6006006006006006
phlag_0005-c_min16max81	1899	0	0	101	0.0505	0.9900990099009901
phlag_0005-c_min16max81	1000	0	991	9	0.5	0.6
phlag_0005-c_min16max81	1139	195	98	568	0.333	0.6006006006006006
phlag_0005-c_min16max81	1012	382	0	606	0.303	0.9900990099009901
phlag_0005-c_min16max81	977	523	25	475	0.25	0.802
phlag_0005-c_min16max81	138	1256	604	2	0.303	0.9900990099009901
phlag_0005-c_min16max81	107	1287	606	0	0.303	0.9900990099009901
phlag_0005-c_min16max81	0	1167	0	833	0.4165	0.6002400960384153
phlag_0005-c_min16max81	1583	251	0	166	0.083	0.6024096385542168
phlag_0005-c_min16max81	1393	1	0	606	0.303	0.9900990099009901
phlag_0005-c_min16max81	1596	0	0	404	0.202	0.9900990099009901
phlag_0005-c_min16max81	167	1208	567	58	0.3125	0.8016
phlag_0005-c_min16max81	1479	21	2	498	0.25	0.802
phlag_0005-c_min16max81	1667	0	0	333	0.1665	0.6006006006006006
phlag_0005-c_min16max81	1667	0	333	0	0.1665	0.6006006006006006
phlag_0005-c_min16max81	1603	23	2	372	0.187	0.8021390374331551
phlag_0005-c_min16max81	58	1317	565	60	0.3125	0.8016
phlag_0005-c_min16max81	1895	4	1	100	0.0505	0.9900990099009901
phlag_0005-c_min16max81	1249	2	0	749	0.3745	0.801068090787717
phlag_0005-c_min16max81	1782	16	0	202	0.101	0.9900990099009901
phlag_0005-c_min16max81	1497	3	0	500	0.25	0.802
phlag_0005-c_min16max81	1667	0	333	0	0.1665	0.6006006006006006
phlag_0005-c_min16max81	1814	85	0	101	0.0505	0.9900990099009901
phlag_0005-c_min16max81	1472	28	9	491	0.25	0.6
phlag_0005-c_min16max81	1750	0	158	92	0.125	0.804
phlag_0005-c_min16max81	1573	53	0	374	0.187	0.8021390374331551
phlag_0005-c_min16max81	1653	14	0	333	0.1665	0.6006006006006006
phlag_0005-c_min16max81	1798	0	202	0	0.101	0.9900990099009901
phlag_0005-c_min16max81	1750	0	9	241	0.125	0.804
phlag_0005-c_min16max81	1473	27	8	492	0.25	0.802
phlag_0005-c_min16max81	1450	45	0	505	0.2525	0.9900990099009901
phlag_0005-c_min16max81	1327	48	0	625	0.3125	0.8016
phlag_0005-c_min16max81	1589	37	8	366	0.187	0.8021390374331551
phlag_0005-c_min16max81	1839	36	0	125	0.0625	0.808
phlag_0005-c_min16max81	1436	160	0	404	0.202	0.9900990099009901
phlag_0005-c_min16max81	1375	0	3	622	0.3125	0.8016
phlag_0005-c_min16max81	3	1747	239	11	0.125	0.804
phlag_0005-c_min16max81	931	320	42	707	0.3745	0.801068090787717
phlag_0005-c_min16max81	16	1378	605	1	0.303	0.9900990099009901
phlag_0005-c_min16max81	757	494	160	589	0.3745	0.801068090787717
phlag_0005-c_min16max81	1270	629	48	53	0.0505	0.9900990099009901
phlag_0005-c_min16max81	1567	100	3	330	0.1665	0.6006006006006006
phlag_0005-c_min16max81	1682	15	0	303	0.1515	0.9900990099009901
phlag_0005-c_min16max81	49	1202	678	71	0.3745	0.801068090787717
phlag_0005-c_min16max81	1371	23	0	606	0.303	0.9900990099009901
phlag_0005-c_min16max81	1334	0	666	0	0.333	0.6006006006006006
phlag_0005-c_min16max81	1485	10	0	505	0.2525	0.9900990099009901
phlag_0005-c_min16max81	1500	0	500	0	0.25	0.6
phlag_0005-c_min16max81	165	1461	334	40	0.187	0.8021390374331551
phlag_0005-c_min16max81	998	2	21	979	0.5	0.6
phlag_0005-c_min16max81	1470	227	0	303	0.1515	0.9900990099009901
phlag_0005-c_min16max81	1251	0	0	749	0.3745	0.801068090787717
phlag_0005-c_min16max81	7	1791	202	0	0.101	0.9900990099009901
phlag_0005-c_min16max81	1799	35	0	166	0.083	0.6024096385542168
phlag_0005-c_min16max81	1535	263	0	202	0.101	0.9900990099009901
phlag_0005-c_min16max81	1492	8	11	489	0.25	0.6
phlag_0005-c_min16max81	1666	1	1	332	0.1665	0.6006006006006006
phlag_0005-c_min16max81	1586	111	0	303	0.1515	0.9900990099009901
phlag_0005-c_min16max81	1899	0	101	0	0.0505	0.9900990099009901
phlag_0005-c_min16max81	1493	7	10	490	0.25	0.802
phlag_0005-c_min16max81	1626	0	12	362	0.187	0.8021390374331551
phlag_0005-c_min16max81	1375	0	2	623	0.3125	0.8016
phlag_0005-c_min16max81	652	348	307	693	0.5	0.6
phlag_0005-c_min16max81	1768	30	31	171	0.101	0.9900990099009901
phlag_0005-c_min16max81	1875	0	1	124	0.0625	0.808
phlag_0005-c_min16max81	1705	170	0	125	0.0625	0.808
phlag_0005-c_min16max81	1334	0	18	648	0.333	0.6006006006006006
phlag_0005-c_min16max81	1679	71	2	248	0.125	0.804
phlag_0005-c_min16max81	1639	58	0	303	0.1515	0.9900990099009901
phlag_0005-c_min16max81	820	347	94	739	0.4165	0.6002400960384153
phlag_0005-c_min16max81	1380	14	0	606	0.303	0.9900990099009901
phlag_0005-c_min16max81	1334	0	666	0	0.333	0.6006006006006006
phlag_0005-c_min16max81	1276	623	0	101	0.0505	0.9900990099009901
phlag_0005-c_min16max81	369	798	574	259	0.4165	0.6002400960384153
phlag_0005-c_min16max81	1355	342	0	303	0.1515	0.9900990099009901
phlag_0005-c_min16max81	1309	25	83	583	0.333	0.6006006006006006
phlag_0005-c_min16max81	1817	17	15	151	0.083	0.6024096385542168
phlag_0005-c_min16max81	1315	19	7	659	0.333	0.6006006006006006
phlag_0005-c_min16max81	1394	0	606	0	0.303	0.9900990099009901
phlag_0005-c_min16max81	1177	157	19	647	0.333	0.6006006006006006
phlag_0005-c_min16max81	1375	0	23	602	0.3125	0.8016
phlag_0005-c_min16max81	1278	116	0	606	0.303	0.9900990099009901
phlag_0005-c_min16max81	1753	146	0	101	0.0505	0.9900990099009901
phlag_0005-c_min16max81	1167	0	2	831	0.4165	0.6002400960384153
phlag_0005-c_min16max81	1482	393	0	125	0.0625	0.808
phlag_0005-c_min16max81	1522	175	0	303	0.1515	0.9900990099009901
phlag_0005-c_min16max81	1500	0	0	500	0.25	0.802
phlag_0005-c_min16max81	1665	2	0	333	0.1665	0.6006006006006006
phlag_0005-c_min16max81	1667	0	333	0	0.1665	0.6006006006006006
phlag_0005-c_min16max81	1672	126	0	202	0.101	0.9900990099009901
phlag_0005-c_min16max81	1864	35	0	101	0.0505	0.9900990099009901
phlag_0005-c_min16max81	1468	431	0	101	0.0505	0.9900990099009901
phlag_0005-c_min16max81	1252	498	18	232	0.125	0.804
phlag_0005-c_min16max81	915	681	27	377	0.202	0.9900990099009901
phlag_0005-c_min16max81	1375	0	549	76	0.3125	0.8016
phlag_0005-c_min16max81	1153	14	19	814	0.4165	0.6002400960384153
phlag_0005-c_min16max81	1120	47	153	680	0.4165	0.6002400960384153
phlag_0005-c_min16max81	1677	20	0	303	0.1515	0.9900990099009901
phlag_0005-c_min16max81	1500	0	2	498	0.25	0.802
phlag_0005-c_min16max81	1139	28	85	748	0.4165	0.6002400960384153
phlag_0005-c_min16max81	1496	4	2	498	0.25	0.6
phlag_0005-c_min16max81	1797	78	0	125	0.0625	0.808
phlag_0005-c_min16max81	1342	557	0	101	0.0505	0.9900990099009901
phlag_0005-c_min16max81	1361	139	38	462	0.25	0.6
phlag_0005-c_min16max81	1394	0	372	234	0.303	0.9900990099009901
phlag_0005-c_min16max81	1226	608	55	111	0.083	0.6024096385542168
phlag_0005-c_min16max81	1811	23	1	165	0.083	0.6024096385542168
phlag_0005-c_min16max81	1500	0	6	494	0.25	0.6
phlag_0005-c_min16max81	1269	106	6	619	0.3125	0.8016
phlag_0005-c_min16max81	1235	16	14	735	0.3745	0.801068090787717
phlag_0005-c_min16max81	1697	0	303	0	0.1515	0.9900990099009901
phlag_0005-c_min16max81	1463	133	0	404	0.202	0.9900990099009901
phlag_0005-c_min16max81	1495	0	0	505	0.2525	0.9900990099009901
phlag_0005-c_min16max81	1387	209	0	404	0.202	0.9900990099009901
phlag_0005-c_min16max81	1566	30	0	404	0.202	0.9900990099009901
phlag_0005-c_min16max81	1241	10	20	729	0.3745	0.801068090787717
phlag_0005-c_min16max81	1619	7	23	351	0.187	0.8021390374331551
phlag_0005-c_min16max81	1445	305	0	250	0.125	0.804
phlag_0005-c_min16max81	1292	42	11	655	0.333	0.6006006006006006
phlag_0005-c_min16max81	1686	11	0	303	0.1515	0.9900990099009901
phlag_0005-c_min16max81	50	1344	604	2	0.303	0.9900990099009901
phlag_0005-c_min16max81	1596	0	0	404	0.202	0.9900990099009901
phlag_0005-c_min16max81	1581	15	0	404	0.202	0.9900990099009901
phlag_0005-c_min16max81	1834	0	166	0	0.083	0.6024096385542168
phlag_0005-c_min16max81	1303	91	0	606	0.303	0.9900990099009901
phlag_0005-c_min16max81	1838	61	0	101	0.0505	0.9900990099009901
phlag_0005-c_min16max81	1772	62	7	159	0.083	0.6024096385542168
phlag_0005-c_min16max81	1364	30	0	606	0.303	0.9900990099009901
phlag_0005-c_min16max81	1394	0	0	606	0.303	0.9900990099009901
phlag_0005-c_min16max81	1127	368	0	505	0.2525	0.9900990099009901
phlag_0005-c_min16max81	1696	1	0	303	0.1515	0.9900990099009901
phlag_0005-c_min16max81	1199	551	3	247	0.125	0.804
phlag_0005-c_min16max81	1696	1	0	303	0.1515	0.9900990099009901
phlag_0005-c_min16max81	1057	640	2	301	0.1515	0.9900990099009901
phlag_0005-c_min16max81	871	129	206	794	0.5	0.6
phlag_0005-c_min16max81	1500	0	18	482	0.25	0.6
phlag_0005-c_min16max81	1596	0	0	404	0.202	0.9900990099009901
phlag_0005-c_min16max81	1394	0	3	603	0.303	0.9900990099009901
phlag_0005-c_min16max81	1500	0	5	495	0.25	0.6
phlag_0005-c_min16max81	1660	37	0	303	0.1515	0.9900990099009901
phlag_0005-c_min16max81	965	535	160	340	0.25	0.6
phlag_0005-c_min16max81	101	899	753	247	0.5	0.6
phlag_0005-c_min16max81	1768	66	0	166	0.083	0.6024096385542168
phlag_0005-c_min16max81	1162	5	3	830	0.4165	0.6002400960384153
phlag_0005-c_min16max81	1495	0	0	505	0.2525	0.9900990099009901
phlag_0005-c_min16max81	1492	8	477	23	0.25	0.802
phlag_0005-c_min16max81	1305	195	20	480	0.25	0.802
phlag_0005-c_min16max81	1836	39	0	125	0.0625	0.808
phlag_0005-c_min16max81	1604	22	1	373	0.187	0.8021390374331551
phlag_0005-c_min16max81	1593	33	2	372	0.187	0.8021390374331551
phlag_0005-c_min16max81	1412	88	16	484	0.25	0.6
phlag_0005-c_min16max81	1322	12	21	645	0.333	0.6006006006006006
phlag_0005-c_min16max81	1626	0	364	10	0.187	0.8021390374331551
phlag_0005-c_min16max81	1708	126	12	154	0.083	0.6024096385542168
phlag_0005-c_min16max81	1059	816	5	120	0.0625	0.808
phlag_0005-c_min16max81	1000	0	122	878	0.5	0.6
phlag_0005-c_min16max81	1868	7	1	124	0.0625	0.808
phlag_0005-c_min16max81	1798	0	0	202	0.101	0.9900990099009901
phlag_0005-c_min16max81	1374	1	1	624	0.3125	0.8016
phlag_0005-c_min16max81	1887	12	0	101	0.0505	0.9900990099009901
phlag_0005-c_min16max81	1585	290	19	106	0.0625	0.808
phlag_0005-c_min16max81	1219	32	19	730	0.3745	0.801068090787717
phlag_0005-c_min16max81	1077	798	28	97	0.0625	0.808
phlag_0005-c_min16max81	1148	519	64	269	0.1665	0.6006006006006006
phlag_0005-c_min16max81	1596	0	0	404	0.202	0.9900990099009901
phlag_0005-c_min16max81	1479	21	1	499	0.25	0.802
phlag_0005-c_min16max81	1336	159	0	505	0.2525	0.9900990099009901
phlag_0005-c_min16max81	1621	46	8	325	0.1665	0.6006006006006006
phlag_0005-c_min16max81	1746	153	0	101	0.0505	0.9900990099009901
phlag_0005-c_min16max81	1128	372	124	376	0.25	0.6
phlag_0005-c_min16max81	1416	382	0	202	0.101	0.9900990099009901
phlag_0005-c_min16max81	1376	124	1	499	0.25	0.802
phlag_0005-c_min16max81	1070	597	92	241	0.1665	0.6006006006006006
phlag_0005-c_min16max81	1375	0	607	18	0.3125	0.8016
phlag_0005-c_min16max81	1491	9	0	500	0.25	0.802
phlag_0005-c_min16max81	1589	7	0	404	0.202	0.9900990099009901
phlag_0005-c_min16max81	1405	90	0	505	0.2525	0.9900990099009901
phlag_0005-c_min16max81	1723	152	2	123	0.0625	0.808
phlag_0005-c_min16max81	1251	0	5	744	0.3745	0.801068090787717
phlag_0005-c_min16max81	959	292	17	732	0.3745	0.801068090787717
phlag_0005-c_min16max81	930	237	100	733	0.4165	0.6002400960384153
phlag_0005-c_min16max81	1346	29	21	604	0.3125	0.8016
phlag_0005-c_min16max81	1441	59	58	442	0.25	0.6
phlag_0005-c_min16max81	943	57	68	932	0.5	0.6
phlag_0005-c_min16max81	1078	589	133	200	0.1665	0.6006006006006006
phlag_0005-c_min16max81	1750	0	2	248	0.125	0.804
phlag_0005-c_min16max81	1896	3	0	101	0.0505	0.9900990099009901
phlag_0005-c_min16max81	1353	22	36	589	0.3125	0.8016
phlag_0005-c_min16max81	1729	21	0	250	0.125	0.804
phlag_0005-c_min16max81	4	996	968	32	0.5	0.6
phlag_0005-c_min16max81	1495	0	0	505	0.2525	0.9900990099009901
phlag_0005-c_min16max81	1689	8	0	303	0.1515	0.9900990099009901
phlag_0005-c_min16max81	1696	138	8	158	0.083	0.6024096385542168
phlag_0005-c_min16max81	1345	30	0	625	0.3125	0.8016
phlag_0005-c_min16max81	1750	0	10	240	0.125	0.804
phlag_0005-c_min16max81	1593	3	0	404	0.202	0.9900990099009901
phlag_0005-c_min16max81	1798	0	0	202	0.101	0.9900990099009901
phlag_0005-c_min16max81	1499	1	11	489	0.25	0.6
phlag_0005-c_min16max81	1750	0	0	250	0.125	0.804
phlag_0005-c_min16max81	1452	43	0	505	0.2525	0.9900990099009901
phlag_0005-c_min16max81	1898	1	0	101	0.0505	0.9900990099009901
